CH1,CH2,CH3,CH4,CH5,CH6,CH7,CH8
2044,2048,2037,2033,2056,2045,2036,2036
2048,2053,2038,2032,2056,2039,2033,2046
2058,2062,2045,2039,2060,2038,2048,2056
2056,2059,2049,2045,2063,2043,2052,2054
2050,2057,2052,2044,2059,2048,2043,2053
2045,2057,2054,2043,2067,2048,2027,2044
2038,2050,2056,2048,2073,2045,2056,2053
2046,2049,2047,2051,2065,2048,2053,2060
2053,2043,2041,2049,2062,2042,2048,2071
2041,2037,2036,2046,2056,2041,2044,2068
2042,2044,2044,2050,2058,2040,2043,2074
2043,2056,2040,2044,2054,2029,2030,2062
2029,2023,2029,2039,2044,2027,2035,2058
2026,2027,2020,2034,2047,2036,2043,2070
2040,2046,2030,2044,2050,2042,2050,2059
2040,2046,2030,2044,2048,2039,2045,2056
2038,2046,2026,2038,2040,2044,2028,2056
2039,2042,2016,2030,2032,2045,2042,2047
2039,2043,2016,2034,2030,2042,2046,2030
2040,2043,2022,2037,2032,2040,2054,2032
2043,2044,2020,2037,2044,2045,2050,2037
2047,2046,2022,2038,2042,2042,2059,2034
2049,2047,2020,2045,2052,2051,2055,2027
2045,2043,2029,2052,2060,2058,2056,2027
2045,2044,2033,2060,2057,2055,2062,2020
2046,2035,2027,2060,2049,2051,2053,2021
2037,2039,2025,2046,2053,2047,2042,2019
2042,2034,2023,2032,2088,2049,2039,2013
2031,2020,2009,2024,2091,2038,2038,2005
2034,2020,2018,2029,2107,2049,2038,2021
2051,2050,2040,2058,2125,2055,2042,2029
2053,2051,2051,2064,2133,2057,2052,2024
2051,2052,2058,2060,2133,2067,2056,2033
2053,2049,2061,2067,2125,2067,2070,2041
2049,2055,2065,2067,2111,2066,2062,2044
2053,2057,2061,2060,2079,2058,2041,2049
2052,2041,2056,2043,1992,2050,2055,2052
2051,2044,2048,2028,1902,2044,2056,2056
2052,2044,2062,2036,1942,2046,2068,2068
2059,2059,2079,2048,1994,2049,2068,2069
2057,2055,2082,2060,2024,2058,2047,2066
2051,2056,2081,2067,2043,2058,2053,2064
2044,2056,2078,2072,2046,2052,2038,2072
2055,2053,2081,2075,2054,2041,2033,2065
2042,2036,2058,2055,2038,2021,2024,2057
2031,2026,2051,2056,2032,2022,2041,2062
2042,2044,2065,2067,2040,2036,2056,2065
2035,2044,2069,2074,2051,2037,2077,2065
2037,2052,2060,2072,2047,2043,2072,2067
2046,2056,2055,2068,2039,2036,2046,2049
2050,2057,2047,2061,2028,2032,2070,2042
2038,2041,2038,2057,2025,2030,2039,2032
2042,2043,2034,2052,2019,2026,2031,2038
2041,2043,2029,2042,2023,2028,2034,2034
2043,2036,2022,2034,2021,2028,2030,2032
2044,2032,2014,2017,2026,2020,2053,2028
2036,2022,2016,2021,2020,2033,2042,2024
2037,2032,2023,2034,2020,2033,2032,2015
2040,2046,2042,2042,2027,2024,2049,2024
2049,2054,2052,2039,2031,2037,2036,2031
2050,2044,2038,2026,2033,2032,2025,2023
2037,2036,2028,2014,2028,2031,2042,2022
2052,2051,2036,2028,2045,2046,2058,2029
2053,2051,2040,2038,2049,2042,2054,2035
2057,2048,2038,2039,2053,2044,2048,2036
2057,2056,2045,2038,2059,2047,2053,2047
2057,2049,2043,2046,2063,2059,2050,2045
2052,2053,2048,2052,2058,2061,2042,2046
2060,2049,2050,2053,2054,2069,2049,2054
2055,2049,2049,2057,2060,2082,2037,2056
2056,2052,2052,2054,2065,2097,2039,2058
2046,2049,2060,2055,2064,2115,2062,2062
2049,2046,2061,2053,2060,2109,2063,2062
2041,2045,2053,2052,2052,2106,2055,2068
2051,2050,2054,2053,2053,2084,2061,2070
2052,2048,2047,2053,2054,2036,2046,2074
2056,2045,2042,2047,2041,2012,2047,2072
2037,2024,2021,2033,2031,2010,2036,2073
2038,2019,2011,2037,2038,2032,2057,2074
2055,2041,2025,2042,2045,2035,2068,2075
2056,2042,2026,2045,2043,2031,2065,2062
2048,2036,2010,2031,2037,2038,2048,2061
2044,2033,2003,2027,2037,2034,2041,2055
2046,2041,2003,2032,2042,2051,2045,2050
2053,2056,2014,2035,2054,2053,2047,2040
2055,2058,2018,2040,2055,2044,2049,2035
2059,2050,2020,2038,2045,2045,2043,2029
2052,2047,2014,2041,2048,2056,2042,2037
2055,2046,2026,2046,2060,2057,2048,2031
2054,2050,2033,2044,2055,2055,2061,2020
2051,2046,2044,2046,2041,2037,2048,2014
2046,2043,2058,2046,2033,2038,2054,2020
2047,2039,2069,2048,2028,2035,2033,2024
2047,2035,2065,2038,2020,2023,2021,2013
2034,2029,2060,2044,2019,2023,2030,2021
2043,2041,2077,2050,2035,2047,2047,2033
2050,2050,2078,2048,2034,2057,2059,2038
2051,2043,2074,2042,2030,2059,2051,2032
2057,2042,2069,2044,2035,2060,2064,2034
2050,2047,2059,2047,2042,2058,2071,2036
2043,2044,2060,2051,2053,2076,2068,2040
2047,2039,2057,2050,2060,2079,2067,2042
2057,2037,2057,2052,2072,2068,2056,2052
2048,2046,2061,2053,2083,2047,2047,2047
2053,2043,2066,2055,2086,2036,2035,2047
2049,2047,2072,2059,2084,2044,2039,2057
2058,2056,2073,2051,2076,2048,2050,2063
2053,2055,2070,2056,2068,2049,2050,2073
2051,2051,2066,2057,2051,2057,2050,2080
2046,2052,2062,2046,2037,2049,2034,2064
2027,2025,2050,2040,2026,2042,2008,2061
2029,2025,2045,2041,2032,2055,2016,2065
2044,2036,2049,2040,2018,2051,2047,2062
2036,2037,2046,2026,2014,2045,2040,2058
2048,2040,2056,2043,2044,2046,2046,2057
2053,2053,2067,2057,2054,2052,2034,2054
2066,2062,2073,2055,2064,2053,2060,2049
2064,2059,2066,2059,2063,2051,2046,2044
2058,2051,2062,2050,2068,2053,2040,2033
2057,2058,2060,2047,2070,2057,2042,2034
2060,2054,2050,2049,2073,2055,2054,2027
2050,2047,2044,2046,2071,2053,2056,2022
2048,2042,2047,2049,2071,2053,2036,2022
2053,2045,2044,2049,2071,2056,2038,2018
2059,2051,2061,2061,2070,2062,2033,2026
2055,2047,2061,2071,2065,2053,2020,2017
2035,2028,2047,2063,2049,2036,2016,2008
2030,2022,2045,2068,2049,2034,2030,2015
2051,2045,2059,2086,2065,2053,2034,2025
2051,2047,2058,2088,2063,2060,2037,2032
2049,2044,2055,2086,2073,2064,2037,2032
2036,2042,2051,2083,2064,2069,2044,2037
2037,2043,2050,2083,2068,2068,2047,2042
2045,2046,2045,2089,2071,2070,2067,2045
2049,2047,2038,2082,2076,2066,2064,2047
2047,2052,2037,2080,2084,2074,2043,2051
2046,2046,2032,2088,2084,2091,2035,2056
2045,2039,2045,2094,2079,2094,2037,2064
2046,2041,2069,2094,2076,2083,2035,2074
2041,2042,2072,2089,2066,2075,2031,2070
2038,2038,2063,2060,2063,2059,2038,2066
2032,2031,2043,2041,2062,2058,2041,2060
2029,2018,2009,2014,2032,2039,2026,2044
2017,2003,2001,2003,2028,2027,2026,2048
2021,2011,2023,2023,2046,2037,2040,2067
2044,2036,2038,2039,2052,2035,2059,2067
2039,2037,2038,2041,2043,2023,2061,2059
2041,2037,2037,2048,2041,2011,2059,2058
2038,2034,2024,2049,2033,1999,2049,2051
2047,2035,2009,2037,2026,1999,2051,2040
2044,2026,1995,2024,2022,2007,2040,2036
2045,2035,1998,2028,2023,2017,2046,2040
2054,2048,2016,2041,2014,2028,2054,2029
2054,2051,2019,2036,2013,2042,2044,2030
2059,2049,2013,2031,2020,2050,2046,2028
2049,2048,2009,2041,2035,2049,2049,2018
2042,2038,2015,2047,2042,2050,2057,2016
2043,2043,2027,2051,2055,2052,2056,2021
2050,2054,2045,2054,2059,2053,2054,2013
2032,2040,2041,2034,2052,2048,2040,2015
2029,2030,2028,2029,2047,2045,2040,2024
2039,2049,2044,2040,2064,2056,2038,2036
2050,2060,2051,2046,2064,2039,2045,2032
2052,2063,2063,2039,2062,2039,2031,2033
2048,2073,2076,2042,2056,2036,2022,2038
2059,2067,2088,2040,2051,2031,2026,2042
2058,2064,2090,2034,2048,2034,2021,2045
2064,2057,2077,2027,2047,2036,2016,2046
2056,2049,2062,2033,2046,2036,2042,2051
2044,2046,2057,2038,2049,2040,2053,2063
2038,2040,2056,2047,2057,2040,2049,2062
2039,2043,2072,2050,2069,2049,2052,2064
2037,2048,2067,2050,2066,2047,2052,2065
2041,2049,2067,2052,2065,2047,2050,2076
2045,2043,2057,2059,2064,2046,2051,2078
2046,2041,2055,2056,2056,2037,2036,2068
2031,2026,2024,2042,2041,2028,2028,2061
2032,2023,2024,2046,2041,2038,2016,2068
2054,2043,2034,2050,2043,2045,2035,2074
2047,2045,2026,2054,2047,2043,2035,2067
2049,2052,2029,2054,2049,2049,2038,2068
2052,2055,2040,2055,2054,2043,2044,2053
2047,2044,2046,2057,2038,2041,2044,2051
2048,2044,2058,2053,2034,2049,2060,2042
2051,2052,2067,2054,2027,2054,2029,2037
2050,2050,2089,2059,2070,2060,2032,2037
2049,2058,2102,2060,2092,2061,2045,2033
2052,2062,2093,2059,2082,2063,2054,2035
2057,2061,2086,2055,2080,2068,2050,2040
2060,2059,2080,2055,2068,2076,2056,2035
2068,2063,2072,2053,2045,2077,2050,2041
2061,2061,2073,2047,2038,2075,2070,2036
2055,2048,2055,2036,2026,2060,2051,2032
2042,2035,2051,2032,2009,2050,2050,2020
2037,2038,2061,2034,1978,2051,2072,2034
2060,2058,2079,2050,2023,2062,2076,2040
2058,2056,2073,2057,2041,2067,2082,2045
2058,2052,2069,2068,2047,2059,2068,2040
2050,2048,2062,2060,2054,2048,2074,2041
2050,2045,2056,2059,2066,2045,2068,2047
2054,2046,2056,2057,2063,2042,2067,2048
2050,2050,2052,2062,2070,2046,2055,2045
2051,2046,2059,2060,2079,2056,2051,2059
2049,2044,2061,2067,2071,2058,2054,2059
2042,2041,2050,2067,2067,2058,2042,2063
2040,2037,2039,2058,2067,2050,2026,2062
2037,2027,2041,2053,2065,2044,2042,2064
2039,2043,2049,2049,2050,2044,2013,2063
2040,2053,2057,2048,2031,2042,2025,2066
2041,2052,2045,2026,2027,2031,2029,2071
2031,2043,2035,2016,2027,2032,2029,2068
2041,2059,2042,2028,2042,2053,2056,2080
2057,2071,2039,2040,2043,2059,2054,2068
2056,2064,2048,2052,2050,2060,2038,2069
2054,2073,2061,2055,2052,2062,2044,2064
2058,2068,2063,2052,2066,2068,2066,2054
2064,2067,2061,2058,2072,2066,2035,2055
2065,2067,2050,2056,2070,2061,2054,2055
2063,2064,2046,2052,2066,2053,2051,2050
2064,2052,2030,2050,2071,2045,2041,2037
2056,2042,2024,2040,2062,2043,2038,2024
2050,2036,2011,2032,2060,2048,2049,2018
2048,2028,2009,2024,2052,2047,2049,2015
2044,2038,2017,2033,2048,2045,2047,2016
2043,2049,2034,2051,2064,2050,2046,2026
2050,2055,2049,2052,2050,2045,2034,2019
2037,2036,2047,2035,1995,2036,2008,2014
2028,2032,2051,2012,1953,2028,2034,2016
2042,2054,2069,2016,1978,2039,2042,2028
2048,2060,2072,2020,1984,2037,2045,2031
2045,2056,2065,2015,1980,2036,2050,2034
2052,2053,2063,2016,1980,2044,2047,2044
2050,2048,2062,2018,2000,2050,2056,2039
2051,2050,2066,2022,2024,2055,2040,2048
2051,2054,2067,2026,2027,2055,2038,2051
2051,2054,2066,2028,2033,2050,2039,2050
2053,2049,2058,2037,2049,2050,2053,2047
2045,2049,2062,2041,2062,2047,2058,2052
2041,2051,2053,2045,2061,2046,2049,2058
2044,2039,2046,2055,2076,2042,2045,2071
2034,2036,2041,2059,2097,2040,2052,2075
2033,2031,2039,2059,2112,2047,2039,2064
2038,2038,2047,2063,2128,2059,2048,2057
2028,2033,2036,2060,2132,2072,2037,2064
2034,2034,2044,2067,2147,2084,2042,2074
2045,2053,2062,2072,2164,2089,2036,2070
2049,2054,2050,2064,2146,2077,2017,2070
2055,2055,2053,2060,2122,2073,2009,2072
2053,2057,2061,2059,2098,2057,2009,2067
2058,2060,2058,2047,2056,2050,2030,2061
2065,2055,2065,2046,1984,2046,2039,2050
2056,2057,2071,2041,1942,2043,2025,2040
2055,2057,2079,2048,1953,2044,2037,2038
2054,2056,2085,2046,1946,2026,2054,2041
2055,2055,2082,2042,1938,2007,2051,2039
2053,2054,2072,2042,1962,1999,2046,2029
2051,2041,2059,2042,1994,1982,2038,2023
2048,2039,2051,2041,1998,1970,2029,2018
2037,2040,2046,2038,2014,1977,2039,2018
2052,2034,2036,2044,2054,2002,2051,2006
2035,2023,2025,2045,2074,2031,2058,2012
2040,2025,2028,2054,2091,2050,2075,2029
2050,2042,2029,2048,2079,2041,2060,2022
2044,2042,2020,2042,2069,2041,2054,2022
2043,2036,2026,2044,2074,2045,2040,2022
2044,2039,2020,2042,2072,2056,2043,2020
2041,2033,2022,2040,2070,2076,2048,2027
2048,2032,2024,2027,2070,2101,2039,2041
2050,2028,2017,2030,2074,2109,2036,2038
2045,2026,2028,2033,2073,2097,2051,2045
2042,2021,2022,2042,2069,2079,2069,2044
2048,2027,2037,2046,2062,2065,2074,2041
2047,2019,2040,2049,2060,2058,2063,2047
2038,2014,2042,2048,2057,2055,2063,2059
2037,2023,2043,2060,2068,2054,2047,2058
2045,2036,2052,2061,2062,2056,2047,2065
2029,2016,2033,2039,2045,2041,2029,2062
2021,2016,2038,2044,2051,2030,2033,2065
2028,2032,2066,2062,2050,2039,2062,2072
2051,2044,2069,2064,2052,2031,2070,2073
2041,2044,2067,2057,2026,2026,2060,2060
2033,2036,2057,2052,2014,2026,2063,2049
2038,2036,2056,2048,2016,2034,2069,2046
2044,2042,2053,2040,2012,2038,2042,2034
2040,2037,2045,2028,2017,2046,2049,2025
2037,2037,2047,2036,2050,2056,2052,2026
2041,2039,2058,2042,2066,2067,2056,2030
2040,2042,2057,2037,2069,2069,2058,2028
2039,2048,2063,2027,2067,2086,2063,2019
2048,2059,2076,2037,2075,2099,2056,2029
2048,2063,2080,2042,2051,2098,2073,2014
2047,2060,2086,2040,2069,2088,2070,2014
2049,2056,2076,2042,2090,2069,2053,2009
2033,2029,2052,2032,2096,2042,2058,2014
2036,2029,2039,2032,2108,2065,2078,2032
2048,2045,2042,2033,2103,2074,2075,2037
2051,2045,2044,2041,2068,2079,2071,2033
2050,2047,2060,2052,2053,2091,2046,2034
2049,2046,2068,2057,2053,2097,2052,2027
2047,2046,2067,2059,2031,2094,2052,2037
2046,2047,2063,2043,1999,2095,2068,2046
2054,2050,2063,2051,2042,2092,2060,2053
2059,2046,2066,2058,2049,2045,2036,2050
2052,2046,2060,2047,2037,2027,2033,2049
2045,2050,2055,2046,2033,2035,2030,2054
2043,2043,2050,2038,2033,2052,2041,2060
2046,2041,2050,2040,2048,2065,2057,2067
2045,2049,2053,2045,2051,2058,2059,2072
2048,2042,2046,2042,2046,2060,2047,2067
2031,2026,2024,2022,2031,2024,2036,2051
2033,2021,2012,2027,2030,2007,2027,2054
2031,2033,2027,2027,2046,2013,2026,2049
2037,2034,2025,2024,2051,2019,2034,2046
2036,2031,2024,2023,2053,2025,2047,2044
2037,2035,2036,2031,2053,2036,2054,2046
2048,2047,2048,2036,2056,2037,2051,2043
2054,2053,2052,2046,2047,2039,2056,2037
2047,2057,2057,2046,2056,2051,2069,2029
2051,2048,2052,2048,2057,2053,2064,2026
2049,2050,2058,2046,2053,2055,2072,2023
2047,2052,2060,2049,2055,2050,2042,2022
2046,2052,2051,2039,2056,2052,2020,2025
2050,2047,2040,2039,2055,2063,2021,2029
2048,2042,2018,2020,2044,2060,2041,2022
2043,2036,2014,2019,2046,2072,2057,2028
2044,2036,2014,2008,2034,2064,2023,2017
2042,2031,2030,2014,2047,2069,2043,2021
2046,2040,2060,2031,2058,2077,2056,2032
2059,2064,2072,2042,2062,2058,2054,2033
2063,2065,2068,2044,2065,2036,2061,2039
2065,2059,2073,2041,2066,2043,2066,2042
2063,2054,2057,2039,2064,2056,2065,2056
2072,2057,2044,2039,2064,2063,2064,2067
2076,2046,2037,2041,2065,2075,2057,2053
2062,2042,2023,2038,2059,2066,2060,2056
2047,2032,2025,2036,2055,2064,2057,2051
2050,2039,2035,2041,2058,2061,2049,2052
2057,2051,2046,2046,2062,2056,2046,2046
2043,2045,2034,2042,2052,2055,2041,2052
2039,2041,2033,2042,2046,2045,2023,2058
2042,2045,2041,2044,2044,2033,2026,2063
2046,2055,2061,2050,2047,2022,1998,2068
2039,2046,2067,2040,2040,2016,2009,2063
2046,2050,2070,2049,2042,2026,2018,2069
2058,2069,2079,2052,2053,2050,2052,2074
2060,2062,2071,2046,2051,2044,2044,2071
2063,2063,2060,2044,2051,2046,2036,2071
2065,2062,2058,2038,2053,2042,2057,2068
2069,2060,2051,2046,2044,2047,2062,2062
2063,2062,2057,2046,2050,2046,2042,2046
2061,2055,2058,2047,2050,2048,2055,2037
2059,2050,2052,2044,2053,2055,2044,2042
2054,2050,2051,2049,2054,2061,2055,2037
2055,2045,2048,2050,2058,2058,2046,2034
2050,2042,2045,2056,2052,2058,2073,2029
2050,2041,2047,2053,2051,2059,2072,2025
2041,2035,2048,2061,2054,2059,2075,2016
2045,2037,2054,2062,2054,2062,2074,2018
2043,2029,2044,2054,2040,2027,2044,2002
2031,2014,2038,2049,2036,2020,2035,2003
2033,2022,2047,2066,2046,2043,2056,2021
2039,2032,2050,2063,2050,2040,2052,2022
2046,2035,2057,2068,2049,2039,2056,2022
2049,2038,2055,2068,2046,2042,2042,2026
2054,2042,2054,2074,2051,2043,2042,2023
2046,2035,2042,2070,2055,2055,2034,2022
2046,2039,2043,2060,2059,2073,2045,2034
2044,2042,2028,2051,2068,2089,2043,2036
2049,2042,2023,2043,2070,2095,2040,2038
2049,2033,2024,2036,2065,2086,2050,2043
2043,2042,2033,2033,2070,2078,2038,2052
2044,2045,2032,2033,2056,2075,2043,2063
2046,2044,2030,2024,2059,2077,2041,2068
2050,2047,2022,2011,2057,2082,2058,2071
2050,2043,2009,2009,2050,2067,2045,2065
2036,2024,1999,2005,2042,2046,2016,2068
2036,2030,2015,2019,2051,2040,2039,2069
2050,2057,2037,2035,2058,2025,2061,2070
2049,2059,2038,2036,2061,2011,2050,2062
2043,2066,2042,2035,2060,2007,2049,2055
2050,2060,2037,2037,2052,2012,2050,2053
2053,2060,2044,2041,2043,2022,2042,2065
2063,2065,2050,2045,2033,2035,2049,2054
2063,2061,2062,2045,2028,2035,2038,2046
2058,2060,2061,2039,2020,2040,2033,2036
2052,2053,2052,2036,2026,2041,2039,2032
2057,2056,2049,2043,2025,2029,2030,2036
2049,2061,2058,2046,2033,2037,2030,2035
2054,2067,2064,2044,2037,2035,2044,2034
2057,2071,2072,2045,2039,2049,2035,2025
2059,2070,2075,2047,2049,2048,2032,2021
2051,2049,2056,2036,2038,2037,2028,2013
2039,2040,2047,2032,2043,2022,2026,2022
2056,2056,2061,2048,2053,2044,2038,2034
2058,2064,2066,2057,2070,2060,2054,2031
2059,2058,2059,2056,2078,2062,2031,2033
2050,2055,2054,2053,2076,2065,2032,2030
2053,2049,2048,2051,2072,2063,2060,2037
2053,2053,2048,2052,2080,2060,2052,2048
2055,2049,2043,2055,2071,2057,2044,2048
2049,2047,2048,2055,2065,2053,2045,2056
2053,2046,2042,2055,2062,2048,2036,2064
2053,2049,2048,2045,2053,2040,2043,2062
2052,2045,2044,2045,2042,2030,2049,2072
2049,2038,2043,2042,2040,2031,2035,2078
2050,2049,2042,2046,2041,2037,2036,2078
2050,2054,2044,2053,2038,2038,2050,2078
2051,2046,2032,2040,2025,2027,2040,2069
2036,2032,2023,2038,2025,2028,2041,2069
2042,2044,2032,2050,2039,2047,2050,2076
2053,2053,2030,2051,2038,2050,2042,2074
2050,2051,2031,2047,2044,2057,2042,2069
2050,2039,2031,2047,2043,2054,2057,2066
2050,2039,2028,2043,2044,2055,2050,2061
2047,2036,2024,2046,2036,2048,2033,2053
2057,2041,2032,2046,2037,2050,2029,2052
2054,2039,2032,2046,2046,2054,2031,2042
2055,2047,2038,2048,2048,2050,2043,2038
2054,2060,2048,2047,2053,2050,2043,2037
2054,2061,2045,2043,2042,2048,2050,2043
2063,2053,2051,2041,2044,2051,2050,2036
2059,2048,2035,2038,2041,2052,2048,2023
2050,2048,2037,2038,2047,2058,2055,2024
2055,2035,2024,2025,2030,2046,2053,2015
2036,2029,2016,2024,2029,2047,2038,2013
2041,2034,2039,2036,2038,2062,2042,2032
2053,2047,2048,2042,2050,2063,2061,2039
2051,2055,2061,2055,2051,2065,2051,2042
2057,2056,2069,2049,2051,2065,2069,2043
2054,2051,2068,2052,2049,2056,2065,2050
2050,2049,2058,2055,2044,2058,2062,2052
2055,2048,2051,2046,2045,2063,2043,2058
2050,2050,2058,2049,2052,2065,2063,2059
2050,2053,2058,2051,2045,2067,2056,2062
2049,2054,2056,2040,2044,2060,2051,2062
2051,2049,2057,2036,2043,2059,2054,2065
2047,2055,2055,2036,2046,2056,2060,2076
2043,2052,2052,2035,2045,2062,2057,2080
2036,2054,2052,2042,2053,2051,2056,2076
2045,2061,2057,2032,2039,2029,2043,2068
2033,2038,2045,2027,2024,2017,2014,2071
2032,2037,2052,2041,2024,2033,2032,2081
2050,2057,2064,2065,2036,2031,2037,2076
2049,2053,2059,2069,2039,2027,2034,2066
2049,2052,2050,2066,2038,2025,2026,2067
2046,2054,2047,2066,2034,2030,2014,2060
2049,2049,2033,2058,2042,2041,2010,2056
2051,2049,2034,2057,2045,2042,2047,2050
2052,2054,2044,2059,2046,2052,2064,2041
2057,2062,2054,2063,2050,2046,2069,2040
2056,2064,2050,2067,2060,2049,2071,2039
2053,2064,2054,2073,2053,2048,2063,2032
2048,2062,2062,2075,2050,2050,2056,2034
2050,2055,2067,2074,2053,2050,2061,2031
2042,2050,2060,2066,2047,2057,2072,2024
2048,2051,2064,2063,2043,2054,2066,2029
2044,2039,2051,2052,2040,2041,2053,2016
2030,2030,2043,2043,2042,2044,2048,2018
2033,2039,2052,2056,2055,2061,2077,2034
2049,2050,2046,2064,2053,2055,2067,2030
2052,2046,2040,2065,2054,2048,2066,2034
2050,2045,2040,2069,2052,2057,2065,2038
2047,2052,2038,2070,2058,2065,2073,2043
2042,2049,2029,2065,2053,2064,2071,2044
2039,2038,2019,2059,2064,2062,2045,2045
2043,2039,2010,2043,2059,2060,2036,2044
2039,2040,2008,2042,2058,2065,2040,2049
2048,2040,2003,2034,2062,2066,2041,2058
2046,2044,2011,2026,2068,2070,2041,2073
2052,2043,2005,2024,2068,2063,2064,2074
2056,2049,2019,2037,2068,2069,2059,2077
2055,2052,2020,2045,2060,2065,2056,2070
2058,2055,2028,2039,2028,2035,2036,2064
2038,2029,2008,2008,2002,2010,2024,2071
2032,2032,2013,2009,2006,2011,2039,2066
2054,2063,2038,2028,2004,2022,2050,2063
2054,2059,2039,2029,1990,2030,2043,2065
2045,2065,2040,2025,1987,2045,2036,2062
2055,2065,2045,2048,2013,2059,2052,2053
2056,2066,2066,2052,2011,2045,2047,2050
2054,2064,2071,2049,2011,2040,2041,2036
2054,2065,2082,2064,2028,2049,2034,2040
2053,2061,2084,2070,2045,2055,2021,2033
2050,2053,2079,2070,2056,2062,2035,2035
2054,2050,2072,2066,2058,2059,2046,2035
2052,2049,2088,2059,2066,2063,2036,2029
2043,2048,2104,2071,2085,2062,2056,2020
2043,2056,2126,2084,2083,2064,2049,2029
2056,2064,2124,2086,2068,2063,2046,2021
2042,2050,2095,2064,2042,2050,2022,2026
2040,2038,2080,2062,2034,2054,2038,2034
2044,2049,2086,2079,2055,2066,2070,2034
2051,2056,2079,2082,2058,2058,2076,2033
2054,2052,2076,2078,2050,2062,2053,2039
2049,2053,2061,2065,2043,2063,2051,2041
2051,2052,2055,2064,2060,2064,2080,2045
2055,2051,2052,2071,2100,2067,2078,2048
2053,2053,2052,2074,2128,2071,2053,2055
2053,2056,2055,2071,2122,2069,2066,2057
2054,2056,2046,2057,2111,2065,2065,2059
2048,2051,2035,2046,2093,2056,2056,2056
2054,2053,2037,2051,2080,2059,2054,2068
2053,2057,2040,2046,2117,2063,2055,2072
2052,2051,2034,2046,2110,2060,2055,2078
2049,2044,2020,2031,2059,2053,2050,2075
2053,2040,2003,2017,1923,2021,2019,2062
2033,2020,1989,2002,1855,2010,2023,2055
2028,2024,1996,2016,1898,2031,2046,2067
2048,2032,2005,2023,1945,2042,2029,2063
2050,2044,2024,2032,1985,2046,2050,2060
2062,2052,2030,2036,1977,2034,2046,2056
2068,2056,2036,2033,2002,2037,2026,2057
2065,2058,2043,2046,2037,2040,2032,2046
2058,2062,2050,2061,2046,2044,2048,2043
2056,2058,2044,2069,2067,2054,2060,2043
2054,2047,2042,2069,2070,2063,2058,2032
2053,2044,2038,2064,2054,2050,2049,2024
2053,2051,2044,2062,2058,2047,2042,2024
2055,2051,2049,2062,2071,2048,2041,2027
2056,2057,2052,2058,2081,2055,2064,2027
2062,2063,2064,2063,2055,2064,2040,2025
2051,2056,2067,2060,2039,2055,2046,2016
2041,2031,2047,2039,2039,2046,2038,2012
2032,2028,2044,2034,2044,2055,2051,2026
2054,2049,2055,2052,2057,2074,2061,2037
2050,2049,2043,2052,2051,2078,2080,2039
2050,2042,2039,2052,2050,2075,2068,2045
2054,2050,2042,2057,2050,2069,2082,2044
2056,2052,2044,2059,2036,2049,2052,2036
2049,2049,2047,2053,2027,2038,2045,2039
2055,2047,2049,2048,2036,2044,2038,2041
2053,2049,2043,2057,2081,2062,2052,2052
2052,2050,2048,2064,2095,2075,2062,2049
2050,2046,2050,2060,2078,2071,2057,2050
2052,2045,2044,2061,2055,2060,2038,2056
2052,2038,2033,2055,2045,2041,2029,2065
2046,2035,2033,2056,2037,2039,2028,2071
2050,2035,2034,2051,2028,2032,2035,2072
2049,2025,2024,2043,2012,2013,2025,2058
2033,2015,2018,2041,2011,2017,2011,2056
2036,2021,2025,2044,2018,2032,2032,2063
2049,2049,2036,2052,2019,2047,2046,2063
2042,2047,2040,2050,2024,2050,2033,2055
2044,2045,2040,2045,2015,2054,2039,2047
2044,2042,2030,2036,2017,2060,2045,2044
2052,2042,2026,2040,2032,2056,2054,2041
2053,2048,2034,2045,2047,2052,2047,2041
2054,2050,2028,2042,2042,2045,2037,2043
2056,2060,2036,2046,2033,2042,2045,2043
2064,2062,2042,2050,2037,2050,2059,2036
2065,2059,2045,2054,2038,2050,2040,2025
2051,2055,2046,2054,2044,2050,2045,2028
2052,2053,2040,2050,2046,2044,2049,2027
2056,2054,2042,2060,2047,2064,2037,2029
2057,2058,2053,2072,2069,2070,2054,2018
2052,2033,2034,2056,2069,2057,2032,2012
2036,2027,2029,2047,2059,2056,2029,2019
2042,2042,2043,2051,2067,2076,2035,2028
2053,2044,2043,2044,2069,2089,2030,2031
2054,2041,2043,2035,2066,2091,2026,2033
2051,2045,2047,2042,2075,2093,2033,2037
2053,2047,2056,2046,2070,2107,2046,2038
2048,2049,2057,2051,2066,2088,2049,2045
2054,2050,2061,2046,2056,2041,2033,2052
2047,2047,2058,2042,2054,2040,2045,2042
2044,2049,2054,2049,2050,2052,2047,2053
2042,2045,2058,2055,2060,2036,2053,2065
2052,2050,2057,2064,2067,2028,2049,2078
2053,2051,2052,2066,2071,2039,2066,2078
2047,2052,2055,2069,2069,2050,2048,2078
2045,2051,2056,2071,2068,2048,2046,2080
2047,2047,2051,2059,2052,2036,2038,2068
2031,2028,2042,2046,2032,2016,2029,2066
2027,2037,2048,2050,2018,2017,2041,2081
2045,2054,2056,2056,2006,2018,2042,2072
2047,2059,2054,2048,2000,2015,2032,2068
2050,2060,2052,2049,1997,2014,2033,2061
2048,2059,2047,2049,2020,2028,2044,2053
2054,2060,2051,2066,2055,2051,2048,2057
2057,2057,2056,2065,2091,2069,2060,2048
2062,2061,2053,2066,2104,2085,2058,2051
2058,2059,2056,2059,2113,2099,2071,2052
2058,2059,2056,2058,2103,2088,2044,2049
2059,2057,2065,2060,2080,2071,2056,2047
2060,2058,2069,2061,2063,2058,2049,2039
2057,2049,2057,2051,2063,2053,2036,2031
2057,2050,2051,2050,2050,2047,2037,2031
2053,2047,2051,2045,2035,2034,2031,2020
2044,2021,2028,2028,2014,2025,2024,2023
2044,2029,2038,2039,2014,2033,2028,2039
2063,2052,2053,2050,2030,2042,2027,2037
2055,2053,2058,2049,2037,2037,2031,2044
2062,2050,2052,2052,2015,2022,2039,2048
2060,2050,2055,2044,1992,2015,2047,2043
2062,2053,2055,2045,1994,2004,2040,2039
2060,2047,2051,2036,1984,2004,2014,2030
2056,2040,2048,2037,2006,2024,2027,2043
2058,2048,2055,2054,2044,2044,2058,2048
2061,2058,2059,2070,2106,2064,2070,2071
2060,2054,2059,2081,2133,2092,2081,2079
2062,2046,2050,2086,2124,2095,2071,2087
2058,2048,2052,2087,2101,2077,2055,2084
2054,2038,2052,2088,2097,2060,2058,2076
2052,2036,2052,2085,2079,2047,2055,2066
2036,2020,2050,2073,2045,2040,2031,2065
2040,2021,2052,2071,2036,2041,2047,2086
2048,2046,2064,2086,2043,2046,2038,2084
2048,2040,2059,2076,2037,2048,2038,2074
2049,2037,2044,2077,2040,2048,2043,2060
2048,2036,2038,2080,2087,2054,2050,2052
2050,2032,2028,2072,2108,2064,2045,2048
2047,2028,2020,2060,2082,2069,2037,2039
2045,2025,2024,2063,2060,2057,2038,2026
2044,2027,2020,2061,2062,2042,2030,2022
2046,2033,2021,2065,2102,2038,2023,2022
2040,2026,2012,2060,2146,2029,2037,2026
2044,2031,2010,2051,2170,2011,2050,2031
2044,2027,2012,2044,2143,1998,2048,2032
2048,2026,2023,2027,2078,2005,2044,2026
2052,2037,2039,2031,2073,2022,2034,2015
2047,2033,2043,2036,2068,2029,2038,2017
2042,2029,2047,2055,2053,2035,2042,2030
2051,2044,2068,2073,2035,2039,2055,2024
2047,2039,2050,2045,1967,2046,2035,2031
2037,2039,2046,2015,1854,2048,2034,2028
2037,2038,2054,2019,1879,2065,2049,2036
2046,2056,2065,2054,1969,2087,2059,2060
2063,2064,2064,2066,2007,2088,2068,2072
2061,2063,2052,2075,2029,2077,2076,2080
2060,2056,2036,2080,2083,2072,2054,2079
2062,2053,2027,2081,2101,2077,2047,2081
2060,2050,2027,2074,2128,2104,2087,2087
2055,2049,2032,2055,2108,2101,2086,2081
2054,2049,2029,2048,2068,2103,2074,2075
2048,2045,2024,2033,2025,2102,2068,2075
2052,2041,2015,2013,1986,2086,2074,2065
2029,2022,1995,1967,1944,2065,2054,2066
2032,2027,2008,1957,1947,2033,2070,2082
2059,2058,2042,1962,1956,1996,2084,2086
2068,2066,2055,1964,1940,1981,2085,2082
2066,2068,2071,1990,2001,2006,2085,2078
2061,2063,2078,2016,2037,2033,2077,2066
2065,2065,2079,2026,2031,2037,2059,2061
2061,2064,2077,2022,2042,2043,2033,2044
2062,2067,2076,2039,2100,2059,2040,2038
2064,2067,2078,2062,2156,2071,2040,2032
2059,2066,2066,2076,2194,2089,2042,2037
2059,2065,2058,2074,2189,2092,2038,2034
2056,2058,2061,2079,2161,2085,2032,2030
2050,2050,2062,2073,2099,2075,2040,2030
2058,2053,2062,2068,2062,2066,2039,2041
2064,2062,2061,2060,2032,2004,2037,2033
2051,2039,2047,2031,1975,1978,2034,2026
2047,2033,2037,2024,1979,2007,2049,2032
2054,2052,2042,2032,1939,2016,2070,2030
2056,2047,2043,2048,1955,2037,2065,2032
2054,2052,2050,2067,2002,2055,2055,2030
2056,2048,2049,2066,2007,2047,2039,2030
2059,2046,2053,2047,1986,2038,2049,2032
2057,2046,2044,2050,2020,2049,2046,2032
2049,2046,2035,2053,2066,2069,2057,2037
2044,2051,2037,2067,2097,2073,2033,2048
2038,2046,2052,2064,2075,2036,2025,2059
2050,2044,2059,2069,2069,1992,2040,2071
2050,2050,2064,2080,2089,2004,2036,2068
2058,2053,2061,2089,2077,2037,2043,2072
2058,2044,2059,2102,2092,2070,2044,2064
2059,2047,2062,2118,2108,2076,2043,2054
2034,2015,2046,2106,2101,2084,2058,2040
2028,2014,2041,2104,2113,2105,2076,2055
2032,2032,2046,2124,2161,2081,2073,2064
2040,2040,2038,2138,2158,2052,2041,2053
2034,2035,2022,2122,2177,2052,2035,2042
2038,2029,2007,2102,2197,2071,2052,2044
2040,2032,1998,2054,2131,2078,2042,2039
2037,2024,1983,1994,2025,2072,2035,2029
2040,2028,1993,1991,2047,2079,2035,2019
2034,2039,2025,2002,2045,2092,2045,2017
2040,2045,2038,1992,1984,2097,2055,2021
2054,2047,2028,1961,1862,2033,2043,2030
2064,2049,2021,1944,1858,1969,2029,2021
2056,2050,2029,1928,1793,1944,2010,2016
2053,2052,2040,1938,1813,1951,2021,2028
2064,2072,2071,1997,1996,1968,2045,2047
2078,2071,2075,2032,2102,2010,2041,2042
2069,2057,2064,2029,2073,2050,2059,2035
2069,2065,2068,2030,2053,2092,2065,2028
2064,2070,2064,2048,2085,2110,2062,2031
2065,2062,2052,2042,2057,2094,2064,2034
2058,2048,2046,2022,2001,2059,2044,2033
2052,2051,2042,2012,1984,2046,2047,2032
2057,2061,2054,2020,1948,2040,2059,2040
2062,2064,2060,2013,1928,2031,2062,2048
2061,2064,2054,2022,1958,2038,2056,2058
2058,2053,2054,2024,2000,2029,2064,2056
2056,2054,2062,2033,2058,2039,2080,2059
2057,2058,2060,2039,2088,2060,2091,2061
2049,2057,2057,2038,2094,2074,2084,2064
2052,2051,2056,2037,2072,2081,2084,2072
2047,2049,2047,2025,2036,2062,2065,2072
2043,2033,2041,2021,1991,2028,2057,2065
2033,2026,2046,2030,2019,2021,2033,2072
2043,2048,2064,2050,2047,2027,2056,2066
2053,2055,2069,2052,2025,2024,2054,2066
2052,2049,2065,2043,1975,2004,2065,2061
2052,2049,2058,2036,1977,2009,2067,2049
2054,2041,2049,2051,2089,2040,2071,2036
2052,2041,2053,2085,2220,2070,2064,2033
2053,2050,2062,2101,2216,2088,2080,2031
2057,2049,2064,2094,2197,2086,2070,2034
2055,2043,2056,2080,2180,2082,2076,2023
2049,2044,2052,2062,2124,2053,2068,2019
2047,2039,2045,2039,2056,2038,2057,2013
2045,2039,2040,2030,2044,2037,2059,2012
2050,2037,2037,2032,2060,2049,2065,2014
2051,2041,2043,2036,2052,2047,2071,2009
2039,2024,2028,2015,2004,2018,2047,2001
2030,2025,2023,2007,2001,2022,2047,2011
2044,2029,2039,2033,2047,2038,2059,2014
2046,2039,2047,2050,2074,2045,2058,2024
2047,2031,2056,2065,2066,2045,2072,2028
2045,2028,2061,2062,2018,2033,2060,2026
2041,2042,2065,2066,2010,2032,2065,2033
2058,2047,2073,2074,2019,2047,2067,2045
2064,2050,2069,2072,2036,2047,2067,2054
2054,2042,2053,2062,2031,2047,2066,2052
2051,2033,2035,2058,2048,2045,2075,2058
2050,2035,2035,2061,2077,2057,2082,2062
2054,2029,2025,2068,2105,2061,2068,2063
2051,2032,2016,2073,2090,2062,2062,2060
2040,2034,2017,2054,2064,2053,2057,2063
2040,2025,2012,2044,2017,2052,2043,2060
2035,2007,1988,2014,2031,2038,2019,2050
2024,1997,1977,2005,2125,2036,2017,2056
2036,2025,1994,2016,2111,2045,2047,2068
2055,2036,2008,2038,2093,2053,2048,2065
2057,2037,2000,2051,2090,2053,2062,2063
2039,2022,1984,2030,2076,2047,2063,2048
2033,2017,1989,2010,2032,2044,2049,2034
2027,2023,2003,2018,2110,2071,2061,2032
2041,2026,2017,2032,2189,2099,2071,2038
2045,2032,2028,2057,2281,2087,2076,2057
2065,2043,2052,2074,2319,2063,2072,2058
2065,2060,2066,2074,2265,2063,2059,2048
2070,2059,2069,2075,2205,2080,2084,2043
2055,2052,2074,2084,2193,2099,2071,2029
2044,2049,2065,2079,2152,2109,2059,2034
2045,2047,2059,2046,1993,2080,2046,2022
2031,2030,2037,2011,1944,2033,2039,2023
2027,2021,2037,2006,1915,2012,2043,2030
2049,2054,2062,2035,1888,2009,2052,2032
2052,2055,2067,2032,1788,1992,2058,2030
2050,2052,2066,2034,1794,1969,2053,2030
2046,2037,2053,2044,1922,1976,2032,2032
2050,2032,2050,2067,2031,1997,2038,2032
2048,2041,2044,2056,2077,2019,2047,2042
2044,2050,2052,2070,2124,2053,2056,2047
2058,2060,2062,2079,2149,2086,2058,2061
2062,2063,2053,2062,2066,2089,2066,2073
2053,2050,2038,2043,1999,2065,2065,2067
2048,2041,2023,2050,2040,2049,2058,2071
2040,2034,2034,2062,2040,2044,2050,2074
2042,2040,2042,2082,2093,2068,2069,2085
2054,2046,2069,2079,2077,2077,2066,2088
2042,2043,2062,2060,2030,2059,2050,2079
2043,2037,2057,2058,2002,2054,2060,2086
2054,2060,2069,2070,1992,2058,2068,2082
2057,2067,2075,2076,2002,2053,2063,2073
2059,2066,2069,2066,1918,2022,2051,2068
2055,2066,2064,2050,1865,1996,2046,2058
2054,2061,2060,2036,1918,2012,2051,2054
2051,2052,2052,2037,1981,2010,2045,2047
2053,2051,2052,2033,2025,2009,2031,2037
2052,2054,2053,2042,2077,2027,2035,2035
2052,2056,2063,2070,2171,2060,2036,2028
2048,2052,2063,2107,2245,2088,2039,2030
2048,2054,2060,2100,2202,2077,2051,2021
2037,2045,2043,2065,2156,2061,2044,2019
2042,2045,2026,2066,2129,2052,2049,2030
2048,2043,2023,2068,2141,2053,2058,2023
2038,2030,2015,2057,2127,2040,2042,2022
2034,2024,2020,2060,2107,2047,2050,2023
2048,2050,2036,2077,2102,2067,2058,2030
2054,2051,2042,2079,2096,2080,2053,2037
2048,2054,2047,2078,2072,2088,2052,2029
2057,2061,2040,2079,2009,2091,2062,2039
2059,2050,2040,2059,1920,2077,2051,2035
2053,2047,2035,2036,1837,2031,2050,2038
2050,2047,2028,2020,1846,1983,2046,2040
2047,2042,2016,2031,1920,1966,2012,2045
2047,2041,2018,2058,1986,1980,2050,2048
2046,2034,2022,2081,2101,2002,2042,2056
2042,2026,2019,2089,2203,2039,2029,2064
2037,2027,2021,2089,2173,2057,2052,2062
2042,2036,2024,2087,2064,2057,2057,2073
2038,2036,2040,2075,2001,2052,2047,2066
2038,2028,2036,2061,1983,2035,2045,2064
2036,2022,2025,2047,1984,2022,2044,2076
2044,2034,2030,2038,1953,2017,2050,2072
2044,2032,2022,2007,1920,2015,2018,2064
2041,2027,2013,1979,1908,2018,2009,2059
2039,2032,2032,1983,1936,2029,2035,2053
2043,2039,2054,2005,1987,2035,2016,2044
2046,2048,2073,2025,1995,2030,2029,2041
2046,2057,2083,2041,2006,2028,2046,2041
2055,2071,2082,2036,2015,2060,2067,2038
2053,2070,2075,2033,1985,2080,2073,2033
2053,2065,2075,2033,1959,2081,2062,2031
2053,2055,2066,2024,1911,2066,2055,2020
2049,2049,2056,2016,1907,2033,2047,2018
2050,2055,2066,2058,2051,2014,2072,2038
2063,2067,2067,2087,2166,2053,2073,2035
2047,2044,2044,2072,2168,2048,2062,2025
2040,2038,2042,2071,2184,2051,2061,2032
2052,2059,2056,2088,2251,2073,2083,2036
2062,2062,2064,2120,2313,2099,2060,2040
2063,2071,2071,2151,2381,2136,2072,2049
2068,2075,2078,2159,2336,2146,2083,2054
2069,2076,2080,2136,2229,2145,2073,2060
2070,2075,2067,2112,2170,2135,2078,2061
2058,2064,2048,2083,2149,2109,2058,2051
2056,2043,2025,2024,2028,2059,2052,2046
2046,2041,2017,2022,2001,2006,2041,2049
2042,2034,2014,2032,1979,1976,2042,2050
2037,2031,2005,2027,1904,2001,2035,2051
2029,2027,2006,2040,1901,2015,2053,2072
2040,2036,2022,2073,2009,2034,2067,2074
2039,2048,2032,2065,2019,2018,2059,2069
2035,2030,2018,2036,2001,1995,2036,2054
2021,2023,2019,2032,2009,1997,2024,2058
2029,2037,2037,2036,2023,2006,2026,2067
2038,2042,2042,2028,2018,1999,2018,2062
2036,2035,2050,2026,1997,1993,2028,2061
2041,2042,2058,2026,1998,2005,2022,2048
2050,2057,2056,2030,2001,2012,2002,2046
2056,2066,2070,2038,2000,2021,2006,2048
2069,2074,2075,2056,2025,2038,2038,2042
2065,2068,2081,2069,2084,2047,2041,2050
2055,2064,2078,2077,2115,2046,2048,2052
2059,2065,2074,2086,2108,2042,2041,2051
2067,2068,2065,2078,2107,2052,2062,2042
2067,2059,2058,2066,2091,2048,2063,2028
2050,2046,2040,2039,2060,2040,2065,2031
2043,2033,2022,2024,2040,2032,2066,2016
2035,2022,2020,2011,2032,2041,2048,2006
2023,2006,2008,2012,2025,2048,2040,2011
2022,2008,2012,2002,1882,2051,2073,2020
2039,2031,2030,2018,1880,2046,2083,2043
2048,2045,2043,2034,1941,2026,2082,2050
2059,2058,2046,2054,1981,1987,2070,2047
2055,2051,2048,2062,2031,2008,2072,2030
2041,2044,2040,2065,2059,2038,2070,2033
2045,2043,2038,2062,2089,2053,2070,2029
2045,2038,2028,2068,2129,2062,2060,2032
2047,2029,2024,2066,2170,2076,2070,2040
2051,2028,2023,2074,2193,2084,2053,2048
2044,2030,2028,2074,2171,2076,2037,2050
2039,2029,2029,2058,2126,2055,2034,2054
2041,2031,2025,2064,2100,2045,2031,2063
2045,2030,2028,2065,2084,2036,2024,2065
2045,2032,2035,2071,2081,2032,2029,2065
2046,2027,2026,2064,2072,2026,2017,2055
2038,2016,2023,2067,2063,2040,2018,2058
2043,2024,2029,2073,2052,2064,2032,2069
2051,2035,2032,2069,2023,2074,2023,2064
2047,2024,2038,2060,1970,2072,2042,2052
2051,2032,2054,2065,1944,2078,2037,2054
2050,2046,2063,2073,1996,2089,2049,2049
2061,2054,2070,2077,2007,2092,2047,2050
2065,2059,2080,2082,2024,2086,2041,2045
2066,2063,2078,2092,2048,2088,2034,2041
2065,2069,2074,2089,2057,2072,2052,2035
2072,2065,2066,2088,2034,2061,2069,2037
2065,2068,2067,2085,2051,2062,2062,2023
2071,2066,2059,2084,2088,2058,2059,2020
2067,2064,2040,2074,2089,2047,2061,2017
2061,2045,2030,2067,2112,2065,2049,2024
2054,2033,2009,2058,2145,2080,2059,2030
2040,2020,1992,2060,2175,2063,2071,2032
2039,2027,1994,2069,2151,2045,2069,2038
2058,2043,2022,2076,2062,2042,2068,2044
2060,2051,2025,2054,1996,2017,2062,2040
2059,2051,2021,2035,1970,2023,2065,2036
2053,2057,2027,2035,1950,2044,2056,2046
2054,2058,2027,2017,1899,2037,2058,2040
2051,2048,2021,1989,1788,1997,2060,2039
2042,2036,2011,1948,1718,1949,2058,2033
2032,2029,2011,1953,1772,1938,2058,2046
2047,2036,2044,1983,1911,1970,2073,2054
2053,2052,2064,1993,2043,1983,2057,2057
2054,2060,2070,2005,2162,2010,2049,2052
2049,2053,2073,2027,2175,2024,2048,2060
2059,2056,2094,2041,2138,2032,2059,2073
2057,2050,2099,2037,2105,2024,2045,2071
2051,2046,2087,2031,2054,2017,2022,2050
2028,2022,2069,2036,2036,2019,2022,2048
2039,2022,2075,2039,2051,2030,2034,2058
2048,2042,2093,2044,2064,2038,2048,2060
2051,2041,2092,2056,2099,2061,2052,2051
2057,2053,2092,2062,2139,2069,2057,2055
2053,2053,2090,2065,2151,2085,2064,2052
2050,2055,2086,2056,2109,2075,2058,2049
2046,2042,2074,2049,2045,2046,2034,2038
2046,2048,2071,2052,2047,2052,2043,2036
2053,2056,2070,2061,2068,2050,2038,2030
2055,2056,2069,2065,2082,2052,2031,2026
2052,2054,2077,2074,2082,2046,2050,2029
2054,2056,2083,2086,2088,2053,2053,2024
2051,2054,2082,2092,2105,2062,2045,2018
2051,2049,2074,2088,2122,2066,2034,2019
2053,2047,2067,2079,2116,2059,2032,2023
2045,2041,2038,2057,2082,2037,2033,2008
2027,2026,2034,2050,2056,2036,2035,2009
2035,2031,2045,2044,2022,2028,2042,2018
2042,2047,2040,2035,1978,2029,2039,2023
2045,2044,2032,2047,2020,2059,2045,2024
2047,2048,2029,2065,2088,2069,2049,2028
2049,2051,2033,2068,2076,2070,2055,2039
2062,2051,2031,2063,2057,2071,2068,2052
2057,2047,2026,2055,2053,2070,2041,2050
2052,2042,2028,2052,2044,2072,2056,2053
2052,2044,2025,2045,2051,2070,2061,2053
2050,2045,2031,2041,2042,2072,2057,2058
2045,2042,2029,2041,2037,2067,2072,2061
2048,2057,2036,2046,2031,2057,2056,2074
2048,2053,2041,2046,2015,2049,2056,2071
2051,2041,2043,2041,1999,2036,2059,2085
2050,2045,2049,2051,1992,2033,2044,2072
2042,2027,2033,2033,1998,2029,2026,2067
2035,2023,2024,2023,2004,2028,2035,2063
2048,2045,2044,2038,2043,2058,2054,2067
2057,2057,2049,2057,2061,2054,2054,2064
2056,2058,2046,2045,2052,2043,2050,2054
2051,2049,2040,2049,2069,2038,2040,2047
2049,2043,2035,2055,2075,2047,2038,2042
2051,2042,2037,2062,2103,2056,2037,2041
2045,2044,2046,2069,2142,2050,2050,2035
2050,2043,2050,2071,2147,2045,2057,2035
2053,2046,2049,2064,2151,2046,2047,2032
2045,2043,2037,2053,2152,2056,2055,2029
2044,2036,2025,2043,2124,2054,2044,2027
2042,2034,2012,2040,2107,2056,2038,2021
2034,2038,2020,2046,2084,2057,2056,2027
2040,2044,2024,2047,2009,2053,2061,2032
2040,2041,2015,2033,1913,2032,2042,2020
2025,2014,2007,2028,1949,2034,2039,2016
2034,2016,2015,2042,2005,2055,2056,2032
2050,2039,2027,2047,2025,2059,2053,2032
2047,2041,2028,2046,2043,2058,2056,2037
2040,2044,2029,2035,2038,2050,2029,2027
2042,2039,2020,2023,2040,2053,2035,2031
2038,2042,2030,2026,2039,2050,2035,2033
2042,2047,2047,2033,2039,2053,2036,2047
2053,2052,2060,2034,2031,2042,2034,2048
2041,2047,2056,2032,2031,2030,2020,2047
2040,2047,2066,2044,2071,2031,2024,2058
2046,2064,2078,2056,2093,2033,2030,2070
2055,2059,2088,2065,2093,2038,2023,2067
2047,2050,2081,2062,2087,2043,2021,2068
2042,2050,2080,2066,2111,2047,2023,2066
2038,2047,2071,2067,2140,2054,2015,2058
2028,2030,2050,2047,2113,2043,2014,2060
2033,2028,2060,2045,2091,2042,2022,2072
2045,2050,2069,2045,2021,2041,2030,2081
2060,2062,2071,2037,1921,2037,2034,2075
2056,2064,2074,2050,1974,2045,2033,2069
2058,2065,2070,2056,2013,2046,2029,2056
2051,2067,2062,2058,2031,2059,2045,2053
2058,2060,2053,2062,2048,2082,2037,2044
2056,2047,2035,2056,2041,2086,2032,2032
2059,2045,2034,2059,2033,2069,2025,2016
2043,2040,2020,2045,2003,2052,2018,2015
2045,2036,2021,2037,1989,2025,2021,2023
2045,2039,2016,2037,2013,1998,2010,2023
2045,2042,2028,2040,2059,2017,2024,2032
2054,2042,2028,2050,2094,2051,2041,2032
2052,2052,2032,2047,2066,2076,2043,2024
2043,2029,2020,2024,2006,2065,2045,2011
2038,2023,2024,2018,2051,2064,2031,2022
2052,2044,2057,2051,2121,2101,2048,2034
2061,2056,2077,2067,2173,2114,2050,2028
2058,2059,2088,2077,2136,2069,2044,2041
2061,2058,2088,2070,2073,2016,2014,2048
2063,2060,2079,2072,2058,2001,2010,2052
2065,2064,2069,2076,2071,2013,2024,2050
2060,2055,2059,2057,2098,2027,2026,2042
2049,2043,2045,2043,2087,2027,2049,2044
2042,2037,2045,2039,2019,2017,2039,2051
2043,2034,2052,2047,2000,2014,2028,2048
2033,2029,2048,2059,2003,2019,2034,2057
2036,2033,2059,2064,2013,2025,2038,2067
2042,2044,2055,2066,2039,2043,2022,2066
2041,2038,2046,2065,2060,2044,2012,2070
2033,2032,2041,2058,2050,2030,2003,2055
2024,2020,2036,2043,2034,2027,2018,2058
2028,2029,2047,2041,2035,2042,2027,2066
2045,2050,2059,2044,2041,2052,2037,2067
2053,2061,2073,2057,2022,2053,2047,2065
2056,2061,2080,2061,2049,2064,2045,2053
2058,2059,2068,2057,2072,2063,2037,2055
2056,2057,2055,2053,2058,2050,2030,2048
2051,2056,2049,2049,2043,2046,2025,2042
2050,2057,2048,2052,2026,2041,2025,2032
2052,2061,2049,2053,2035,2054,2038,2031
2054,2057,2047,2045,2039,2052,2056,2032
2054,2044,2041,2019,2006,2041,2051,2022
2044,2046,2038,2019,2031,2052,2050,2024
2055,2054,2039,2026,2049,2065,2041,2027
2055,2052,2030,2023,2052,2065,2034,2022
2051,2057,2036,2021,2046,2058,2020,2010
2034,2036,2016,2011,2036,2055,2013,2004
2035,2031,2020,2020,2034,2067,2036,2018
2049,2052,2040,2038,2045,2079,2026,2021
2050,2044,2046,2053,2040,2075,2032,2024
2052,2047,2049,2056,2055,2046,2024,2034
2056,2051,2052,2062,2066,2033,2049,2044
2063,2059,2045,2066,2068,2036,2049,2046
2059,2054,2040,2065,2058,2039,2033,2045
2059,2051,2036,2064,2047,2039,2043,2055
2056,2053,2032,2064,2043,2055,2055,2060
2057,2052,2029,2068,2043,2058,2059,2056
2047,2044,2031,2065,2044,2068,2057,2064
2045,2038,2026,2067,2024,2080,2055,2068
2042,2033,2018,2062,2019,2081,2056,2070
2038,2032,2015,2062,2033,2080,2055,2076
2043,2034,2011,2041,2022,2067,2034,2067
2024,2008,1984,2016,1971,2031,2020,2058
2024,2012,1990,2010,1939,2006,2009,2060
2037,2045,2016,2023,1951,1963,2021,2059
2039,2044,2019,2026,1992,1978,2034,2057
2046,2053,2035,2066,2076,2034,2049,2060
2056,2067,2072,2089,2130,2041,2041,2053
2057,2060,2086,2074,2097,2008,2005,2047
2050,2051,2075,2043,2044,2004,2023,2036
2047,2052,2077,2046,2048,2042,2049,2039
2056,2058,2082,2063,2066,2050,2048,2042
2051,2066,2106,2064,2053,2051,2045,2033
2052,2069,2121,2076,2074,2044,2050,2030
2044,2064,2108,2066,2046,2046,2044,2022
2040,2057,2088,2061,2025,2045,2037,2024
2041,2051,2079,2061,2043,2064,2056,2020
2041,2047,2067,2055,2023,2067,2053,2003
2024,2024,2036,2030,2014,2064,2032,1995
2022,2023,2029,2028,2061,2082,2032,2016
2039,2059,2056,2047,2089,2114,2068,2021
2055,2063,2072,2049,2093,2110,2076,2033
2056,2064,2070,2038,2084,2100,2046,2034
2053,2064,2065,2040,2066,2059,2026,2036
2061,2065,2059,2045,2056,2027,2023,2034
2053,2061,2049,2050,2087,2020,2001,2030
2045,2050,2045,2053,2091,1998,2020,2030
2043,2041,2040,2047,2048,2004,2015,2030
2035,2050,2058,2054,2002,2010,2018,2043
2047,2052,2074,2068,2049,2025,2034,2052
2051,2055,2073,2070,2058,2039,2022,2058
2058,2058,2067,2061,2052,2056,2037,2048
2056,2054,2052,2053,2061,2051,2057,2040
2043,2048,2034,2051,2070,2043,2064,2032
2024,2025,2007,2049,2095,2040,2046,2042
2022,2026,2006,2069,2133,2037,2062,2059
2048,2056,2022,2083,2131,2039,2085,2069
2048,2059,2019,2074,2131,2046,2062,2060
2048,2055,2014,2066,2117,2037,2045,2059
2057,2056,2018,2065,2094,2038,2047,2048
2045,2051,2013,2056,2094,2026,2044,2038
2040,2045,2021,2031,2053,1992,2033,2024
2042,2044,2037,2031,2040,1993,2027,2017
2047,2052,2065,2054,2064,2004,2048,2020
2053,2056,2074,2064,2049,2020,2049,2018
2038,2044,2063,2053,1963,2045,2059,2015
2029,2031,2066,2067,2002,2064,2047,2022
2035,2040,2080,2079,2050,2059,2031,2027
2039,2047,2102,2069,2068,2047,2046,2033
2043,2054,2121,2067,2056,2049,2035,2018
2035,2027,2105,2043,2020,2048,2036,2017
2039,2034,2101,2047,2005,2067,2033,2027
2054,2058,2114,2076,2016,2070,2052,2033
2053,2058,2105,2081,2024,2068,2030,2037
2057,2056,2092,2076,2031,2065,2054,2045
2057,2050,2079,2068,2006,2084,2032,2034
2052,2046,2068,2051,1990,2094,2033,2038
2053,2047,2067,2031,1972,2090,2028,2044
2056,2047,2062,2021,1968,2067,2029,2049
2054,2054,2072,2034,2000,2021,2027,2065
2059,2066,2087,2065,2082,1966,2044,2068
2067,2068,2095,2085,2159,1994,2063,2082
2056,2070,2089,2084,2178,2044,2050,2070
2048,2064,2082,2071,2161,2050,2042,2075
2047,2050,2072,2046,2093,2047,2033,2076
2036,2038,2051,2032,2056,2048,2026,2061
2021,2017,2025,2022,2033,2045,2023,2052
2008,2009,2024,2025,2023,2048,2030,2055
2028,2034,2040,2047,2038,2053,2034,2053
2038,2040,2033,2033,2028,2045,2049,2057
2035,2034,2030,2024,2030,2040,2049,2057
2046,2039,2035,2026,2038,2045,2056,2056
2051,2046,2037,2026,2052,2045,2054,2064
2052,2055,2038,2029,2039,2049,2053,2056
2057,2050,2038,2022,2045,2050,2060,2047
2054,2047,2044,2025,2033,2073,2062,2036
2046,2049,2043,2023,2000,2073,2052,2021
2040,2039,2043,2016,1972,2057,2030,2024
2040,2038,2044,2007,1955,2049,2045,2025
2039,2037,2050,2011,1949,1996,2012,2020
2046,2047,2061,2047,2024,1955,2033,2030
2052,2057,2072,2070,2089,1995,2055,2023
2037,2037,2059,2057,2078,2022,2042,2019
2025,2020,2043,2046,2101,2042,2043,2019
2036,2041,2058,2057,2095,2069,2049,2027
2043,2046,2062,2071,2070,2095,2049,2028
2045,2050,2060,2070,2075,2106,2068,2026
2046,2056,2059,2069,2095,2108,2065,2033
2052,2057,2061,2084,2111,2089,2060,2042
2056,2050,2060,2066,2097,2065,2047,2052
2054,2056,2058,2058,2070,2068,2050,2051
2057,2053,2064,2073,2091,2083,2047,2060
2054,2057,2064,2077,2106,2090,2055,2060
2059,2056,2057,2078,2144,2089,2050,2064
2053,2046,2045,2052,2143,2065,2037,2060
2039,2042,2037,2036,2053,2041,2030,2054
2029,2036,2035,2032,1983,2035,2028,2052
2038,2039,2039,2024,1946,2029,2037,2056
2026,2022,2024,2011,1966,2008,2019,2047
2029,2020,2023,2030,2040,1992,2030,2069
2039,2041,2035,2050,2095,2007,2046,2084
2052,2043,2044,2059,2097,2025,2049,2078
2049,2047,2056,2059,2095,2041,2047,2067
2052,2047,2052,2064,2110,2055,2057,2064
2057,2054,2061,2067,2102,2060,2062,2060
2057,2060,2056,2066,2092,2055,2067,2056
2056,2054,2046,2057,2003,2045,2046,2044
2052,2045,2044,2033,1872,2021,2023,2041
2052,2051,2065,2061,1944,2057,2037,2035
2054,2057,2079,2090,2034,2068,2067,2033
2050,2049,2068,2088,2080,2069,2054,2024
2042,2042,2057,2075,2065,2058,2057,2019
2040,2038,2056,2066,2053,2051,2039,2017
2043,2035,2062,2061,2034,2045,2024,2013
2039,2027,2050,2037,2007,2041,2017,2006
2028,2019,2036,2028,2037,2049,1991,2008
2027,2031,2042,2044,2050,2058,2036,2021
2042,2039,2047,2047,2023,2062,2036,2026
2043,2046,2068,2049,2007,2056,2047,2025
2039,2052,2073,2050,2019,2018,2056,2033
2045,2056,2068,2050,2035,2018,2065,2039
2054,2067,2067,2036,2033,2028,2060,2052
2061,2067,2075,2047,2039,2006,2060,2069
2063,2076,2068,2035,2012,1993,2056,2069
2066,2069,2056,2010,1984,1990,2064,2066
2055,2055,2039,1994,2016,2000,2076,2071
2060,2054,2040,2002,2075,2023,2072,2069
2060,2056,2043,2018,2062,2038,2052,2068
2056,2050,2045,2018,2029,2035,2045,2065
2056,2052,2049,2016,2022,2039,2050,2068
2051,2047,2046,2021,2028,2041,2037,2061
2042,2048,2052,2031,2037,2044,2030,2061
2045,2055,2062,2040,2047,2040,2051,2071
2051,2053,2054,2043,2027,2038,2055,2067
2048,2052,2042,2054,2030,2039,2057,2066
2048,2045,2038,2053,2072,2047,2051,2059
2056,2043,2040,2041,2081,2025,2024,2053
2054,2055,2041,2034,2028,1989,2026,2050
2059,2053,2039,2020,1977,1976,2032,2040
2055,2055,2046,2015,1962,1988,2051,2037
2058,2056,2046,2013,1990,2023,2053,2032
2059,2067,2051,2052,2072,2078,2062,2033
2060,2063,2058,2067,2107,2109,2084,2028
2053,2059,2052,2067,2095,2115,2079,2026
2049,2054,2043,2048,2048,2114,2072,2028
2047,2046,2037,2033,2008,2094,2055,2018
2046,2034,2023,2015,2007,2051,2014,1999
2022,2019,2004,2018,2013,2027,2006,2003
2025,2028,2035,2053,2047,2036,2039,2018
2043,2039,2053,2067,2068,2038,2047,2026
2038,2051,2072,2084,2093,2049,2027,2023
2044,2052,2074,2077,2108,2055,2043,2027
2045,2046,2064,2064,2112,2073,2058,2033
2042,2045,2055,2068,2120,2085,2075,2039
2043,2050,2061,2085,2118,2076,2075,2051
2052,2055,2061,2088,2113,2075,2080,2054
2052,2063,2053,2096,2161,2097,2084,2069
2056,2053,2047,2087,2180,2090,2076,2070
2047,2047,2035,2072,2130,2066,2077,2076
2046,2041,2025,2059,2123,2044,2075,2072
2045,2035,2019,2056,2165,2050,2069,2074
2037,2032,2017,2056,2168,2063,2069,2078
2036,2029,2021,2046,2158,2054,2042,2064
2023,2012,2006,2021,2116,2043,2049,2065
2017,2018,2019,2008,2032,2029,2049,2067
2032,2038,2034,2013,1966,2041,2065,2081
2041,2052,2047,2024,1977,2052,2060,2074
2056,2058,2047,2019,1952,2036,2040,2061
2054,2056,2048,1996,1842,2008,2033,2060
2055,2057,2043,1992,1845,2008,2031,2047
2054,2064,2062,2017,1945,2026,2049,2040
2050,2054,2056,2029,1984,2042,2048,2034
2041,2048,2048,2028,2021,2050,2047,2030
2044,2054,2056,2045,2074,2061,2028,2029
2049,2061,2062,2049,2081,2058,2045,2023
2049,2061,2068,2035,2058,2043,2029,2019
2043,2069,2061,2036,2085,2058,2040,2018
2045,2060,2062,2048,2111,2071,2037,2024
2045,2060,2060,2058,2094,2075,2056,2021
2038,2044,2046,2056,2072,2067,2031,2008
2026,2037,2037,2058,2090,2069,2052,2011
2033,2047,2049,2056,2093,2077,2055,2031
2042,2055,2054,2052,2049,2064,2064,2033
2045,2048,2049,2028,1972,2031,2066,2024
2046,2044,2047,2021,1943,2014,2045,2027
2044,2049,2058,2027,1951,2032,2056,2035
2056,2058,2075,2036,1982,2045,2061,2045
2058,2062,2073,2036,2010,2057,2058,2049
2057,2062,2067,2034,2030,2086,2035,2063
2056,2056,2058,2034,2048,2115,2047,2072
2061,2047,2057,2036,2057,2137,2063,2078
2060,2047,2047,2030,2042,2136,2072,2075
2050,2048,2044,2027,2034,2127,2072,2077
2047,2052,2050,2035,2051,2084,2069,2090
2053,2058,2055,2038,2050,2016,2073,2088
2052,2050,2042,2031,2015,1994,2041,2070
2033,2032,2033,2027,1982,2001,2041,2072
2029,2034,2036,2035,2011,2027,2034,2074
2046,2054,2046,2047,2058,2042,2046,2071
2050,2056,2046,2062,2080,2043,2042,2070
2047,2045,2034,2048,2051,2021,2045,2059
2046,2049,2037,2049,2038,2012,2045,2057
2046,2053,2044,2064,2058,2012,2041,2054
2052,2055,2051,2073,2076,2019,2045,2048
2058,2056,2063,2076,2082,2024,2036,2048
2058,2055,2055,2069,2075,2039,2050,2041
2055,2055,2049,2066,2045,2061,2058,2042
2058,2053,2046,2060,2037,2067,2048,2038
2056,2052,2042,2066,2049,2058,2048,2034
2050,2048,2039,2056,2016,2034,2035,2016
2038,2042,2040,2052,1986,2026,2036,2022
2035,2035,2045,2056,1987,2027,2008,2009
2025,2022,2033,2043,1957,2000,2007,2014
2029,2031,2032,2042,1953,1979,2034,2037
2057,2058,2057,2065,2031,2001,2059,2043
2057,2064,2061,2080,2086,2041,2070,2046
2061,2066,2057,2080,2116,2084,2061,2046
2058,2061,2049,2067,2105,2135,2064,2035
2055,2050,2034,2036,2026,2130,2055,2030
2042,2042,2031,2019,1924,2111,2046,2011
2024,2035,2018,2004,1908,2102,2028,2016
2026,2025,2002,1992,1958,2036,2037,2042
2034,2030,2008,2025,2085,1967,2042,2074
2045,2044,2030,2052,2153,2014,2067,2085
2049,2046,2038,2054,2148,2050,2062,2086
2049,2055,2045,2056,2155,2090,2042,2092
2053,2071,2067,2051,2153,2092,2058,2090
2056,2076,2083,2044,2192,2098,2051,2078
2036,2052,2063,2027,2181,2075,2032,2070
2027,2037,2056,2022,2168,2063,2047,2068
2033,2041,2050,2013,2094,2025,2019,2065
2042,2037,2043,2011,2032,2002,2045,2073
2047,2048,2066,2038,2088,2016,2061,2077
2052,2059,2077,2045,2036,2005,2044,2060
2042,2061,2073,2020,1919,1982,2018,2046
2044,2064,2067,1991,1765,1978,2024,2041
2050,2074,2076,1993,1787,2021,2051,2045
2049,2077,2082,2033,1946,2043,2064,2045
2051,2072,2076,2051,2028,2039,2042,2042
2051,2063,2062,2060,2079,2046,2055,2045
2053,2053,2048,2072,2091,2050,2059,2041
2048,2052,2045,2070,2088,2062,2053,2029
2048,2047,2046,2055,2053,2065,2055,2024
2053,2050,2052,2053,2053,2071,2050,2019
2041,2044,2043,2044,2052,2050,2042,2018
2034,2044,2042,2050,2093,2027,2036,2024
2049,2063,2063,2069,2128,2012,2034,2040
2055,2063,2062,2070,2119,2021,2062,2037
2052,2054,2060,2071,2113,2031,2046,2046
2055,2058,2058,2066,2092,2040,2057,2046
2054,2055,2057,2064,2074,2043,2057,2045
2054,2068,2064,2060,2072,2041,2082,2043
2049,2060,2059,2055,2061,2049,2064,2053
2053,2059,2056,2042,2056,2042,2073,2056
2046,2057,2057,2024,2053,2045,2071,2065
2051,2059,2058,2022,2052,2043,2070,2073
2051,2056,2054,2015,2050,2041,2058,2073
2051,2055,2051,2028,2052,2045,2065,2077
2046,2055,2046,2036,2055,2042,2056,2079
2042,2048,2043,2029,2050,2045,2046,2068
2034,2029,2031,2021,2045,2036,2045,2063
2029,2024,2029,2023,2038,2042,2050,2068
2041,2045,2044,2036,2042,2054,2069,2068
2054,2049,2040,2035,2046,2058,2062,2068
2049,2046,2040,2028,2031,2064,2058,2051
2041,2042,2036,2028,2027,2068,2062,2049
2043,2039,2037,2028,2027,2078,2060,2049
2044,2041,2037,2032,2024,2074,2069,2047
2052,2052,2045,2047,2028,2054,2061,2049
2054,2055,2048,2052,2029,2060,2051,2043
2054,2056,2047,2044,2009,2069,2082,2042
2045,2044,2038,2035,2018,2079,2079,2029
2043,2035,2036,2041,2013,2098,2075,2018
2034,2034,2045,2040,1987,2099,2045,2010
2036,2032,2050,2056,2039,2096,2052,2013
2047,2045,2060,2076,2094,2072,2058,2019
2053,2038,2050,2081,2109,2039,2042,2009
2037,2025,2045,2080,2112,2040,2044,2006
2046,2038,2054,2086,2115,2059,2060,2028
2058,2051,2064,2099,2117,2048,2065,2031
2054,2052,2056,2084,2101,2031,2050,2030
2047,2045,2049,2061,2047,2003,2046,2032
2047,2045,2053,2060,2047,2005,2050,2043
2056,2053,2057,2069,2038,2010,2058,2051
2061,2057,2056,2066,2032,2014,2053,2046
2053,2046,2049,2057,2043,2034,2060,2045
2046,2046,2048,2056,2063,2059,2067,2054
2049,2049,2056,2064,2092,2081,2066,2054
2046,2052,2058,2060,2082,2068,2056,2064
2049,2050,2048,2044,2061,2067,2063,2073
2051,2049,2038,2032,2045,2058,2052,2073
2044,2042,2031,2024,2048,2050,2048,2076
2043,2048,2031,2025,2024,2034,2023,2060
2033,2031,2016,2023,2031,2009,2028,2067
2039,2027,2017,2019,2046,2017,2037,2070
2051,2043,2031,2034,2062,2025,2046,2068
2056,2055,2039,2033,2063,2009,2062,2066
2050,2056,2044,2036,2048,1998,2035,2062
2047,2057,2038,2031,2039,2013,2025,2059
2056,2059,2040,2030,2044,2023,2034,2065
2059,2062,2036,2031,2048,2029,2044,2064
2061,2059,2031,2027,2043,2022,2049,2049
2056,2059,2036,2031,2046,2018,2051,2035
2055,2059,2042,2037,2034,2010,2051,2032
2045,2058,2040,2032,2038,2007,2050,2032
2046,2053,2039,2034,2030,2006,2048,2041
2051,2054,2038,2038,2029,2018,2037,2033
2052,2061,2045,2043,2046,2038,2057,2033
2064,2075,2049,2050,2055,2042,2060,2037
2067,2057,2034,2033,2037,2023,2029,2013
2045,2033,2020,2020,2026,2017,2015,2007
2042,2042,2045,2047,2039,2055,2036,2030
2059,2068,2072,2058,2053,2077,2035,2038
2061,2068,2078,2057,2064,2096,2069,2041
2062,2059,2074,2053,2058,2107,2053,2037
2061,2050,2066,2057,2055,2095,2043,2037
2059,2058,2073,2066,2060,2086,2055,2049
2053,2063,2073,2063,2064,2067,2047,2048
2053,2066,2073,2067,2062,2063,2035,2052
2053,2059,2062,2066,2061,2066,2051,2058
2056,2060,2057,2064,2050,2057,2023,2054
2046,2056,2050,2054,2055,2041,2041,2055
2043,2047,2038,2055,2052,2038,2042,2053
2046,2042,2040,2051,2040,2038,2035,2058
2044,2047,2032,2040,2023,2040,2039,2059
2039,2047,2028,2032,2019,2033,2028,2047
2032,2031,2017,2025,2017,2036,2039,2057
2034,2029,2022,2031,2008,2045,2040,2064
2055,2054,2042,2031,2018,2048,2056,2063
2056,2056,2043,2027,2052,2053,2052,2066
2057,2061,2045,2035,2060,2057,2057,2057
2057,2050,2039,2038,2053,2053,2056,2047
2055,2055,2051,2038,2052,2053,2055,2050
2058,2056,2057,2045,2051,2053,2051,2043
2061,2048,2052,2050,2055,2054,2039,2037
2062,2052,2056,2053,2061,2053,2050,2035
2061,2053,2056,2056,2063,2047,2049,2040
2057,2056,2053,2057,2068,2039,2042,2037
2059,2058,2058,2064,2065,2032,2038,2036
2060,2059,2058,2067,2071,2029,2041,2031
2058,2063,2056,2062,2074,2040,2045,2031
2053,2052,2043,2048,2059,2036,2042,2021
2037,2034,2026,2023,2045,2022,2022,2014
2032,2020,2012,2015,2045,2022,2029,2017
2041,2040,2034,2034,2060,2040,2043,2020
2043,2046,2040,2040,2074,2043,2046,2024
2047,2046,2040,2041,2079,2044,2050,2026
2053,2049,2046,2041,2072,2055,2030,2037
2056,2051,2049,2049,2074,2063,2028,2040
2059,2058,2050,2052,2083,2064,2032,2044
2059,2056,2053,2053,2089,2069,2032,2048
2056,2052,2057,2050,2081,2067,2020,2051
2058,2048,2054,2046,2061,2063,2025,2060
2049,2047,2054,2043,2055,2066,2029,2064
2049,2048,2058,2050,2060,2063,2024,2074
2052,2048,2052,2044,2050,2061,2058,2069
2053,2050,2056,2045,2047,2059,2068,2069
2049,2052,2057,2049,2043,2053,2039,2067
2042,2046,2043,2035,2023,2020,2042,2051
2025,2032,2036,2022,1997,2005,2037,2053
2033,2035,2045,2037,2015,2029,2045,2076
2055,2056,2057,2037,2032,2040,2060,2077
2056,2056,2060,2046,2032,2053,2077,2087
2055,2056,2059,2051,2038,2062,2072,2079
2064,2062,2058,2050,2047,2061,2084,2068
2062,2061,2060,2058,2051,2051,2070,2054
2061,2057,2054,2050,2045,2044,2064,2047
2054,2055,2049,2040,2036,2036,2055,2039
2056,2056,2055,2047,2032,2044,2063,2043
2059,2058,2050,2042,2042,2053,2066,2037
2056,2057,2048,2042,2039,2051,2056,2036
2058,2052,2047,2039,2029,2045,2055,2033
2051,2050,2036,2040,2024,2050,2040,2018
2049,2045,2036,2038,2027,2056,2041,2008
2046,2042,2037,2035,2015,2061,2033,2003
2036,2025,2022,2017,1978,2048,2023,2005
2027,2026,2017,2018,1971,2039,2011,2014
2040,2040,2036,2032,1988,2040,2040,2018
2037,2039,2032,2021,1990,2033,2034,2027
2038,2043,2035,2043,2035,2022,2054,2046
2050,2054,2053,2066,2091,2042,2072,2055
2061,2064,2058,2071,2117,2046,2062,2052
2060,2057,2061,2069,2130,2050,2059,2063
2058,2064,2063,2068,2139,2043,2062,2060
2058,2059,2062,2075,2123,2032,2048,2064
2056,2054,2066,2079,2115,2048,2053,2065
2056,2059,2067,2070,2113,2075,2073,2074
2064,2057,2062,2065,2100,2091,2075,2080
2054,2052,2053,2052,2083,2098,2075,2077
2048,2044,2045,2033,2043,2097,2065,2074
2045,2039,2041,2015,1978,2097,2064,2073
2045,2037,2041,2021,1975,2102,2045,2064
2022,2019,2027,2019,1974,2092,2040,2058
2022,2017,2026,2010,1943,2077,2042,2068
2040,2039,2038,2007,1928,2048,2036,2062
2037,2040,2038,2010,1971,2020,2039,2060
2041,2043,2042,2030,2008,2007,2046,2055
2052,2046,2050,2042,2050,2016,2029,2047
2050,2048,2047,2044,2108,2034,2042,2045
2045,2050,2045,2045,2117,2054,2060,2040
2045,2043,2045,2044,2086,2061,2029,2036
2045,2041,2046,2039,2066,2057,2037,2025
2049,2042,2044,2036,2071,2047,2064,2028
2046,2043,2047,2035,2066,2043,2051,2027
2046,2044,2048,2040,2070,2045,2054,2025
2050,2041,2046,2038,2073,2041,2044,2032
2054,2041,2038,2043,2074,2042,2053,2032
2058,2043,2043,2039,2081,2045,2056,2024
2050,2028,2031,2031,2074,2032,2052,2019
2037,2027,2028,2036,2076,2034,2043,2021
2051,2049,2048,2047,2100,2047,2055,2030
2053,2052,2051,2050,2096,2051,2045,2023
2051,2058,2052,2046,2092,2037,2051,2028
2054,2056,2049,2027,2029,2052,2056,2030
2046,2049,2042,2016,1933,2060,2069,2028
2043,2048,2038,2019,1939,2065,2060,2035
2044,2051,2042,2024,1956,2060,2063,2037
2054,2049,2045,2025,1964,2038,2036,2044
2049,2044,2043,2029,2004,2001,2059,2050
2049,2048,2048,2050,2063,2008,2051,2053
2040,2053,2054,2056,2094,2039,2063,2062
2050,2055,2050,2060,2099,2059,2046,2074
2054,2050,2053,2051,2090,2067,2057,2072
2055,2060,2054,2048,2072,2056,2059,2073
2054,2044,2040,2041,2048,2039,2034,2063
2041,2034,2034,2030,2040,2038,2051,2065
2047,2046,2047,2039,2048,2057,2059,2076
2060,2050,2042,2039,2050,2062,2059,2069
2059,2056,2047,2043,2058,2065,2059,2065
2059,2053,2050,2044,2048,2067,2063,2059
2054,2050,2048,2043,2049,2059,2057,2056
2049,2050,2045,2046,2045,2055,2054,2046
2049,2050,2049,2044,2037,2075,2060,2037
2049,2052,2039,2036,2015,2103,2068,2029
2049,2053,2045,2024,1992,2113,2049,2022
2056,2054,2039,2022,2006,2117,2077,2022
2051,2051,2040,2012,2015,2081,2067,2024
2054,2054,2048,2025,2037,2003,2053,2041
2056,2053,2053,2045,2098,1974,2046,2036
2059,2051,2057,2061,2125,1978,2060,2033
2065,2056,2057,2060,2114,1989,2023,2025
2041,2034,2040,2050,2067,1990,2048,2016
2045,2034,2038,2044,2011,1996,2064,2027
2050,2053,2049,2034,1901,2010,2072,2026
2048,2047,2046,2028,1897,2025,2071,2028
2045,2041,2036,2025,1959,2039,2057,2032
2044,2041,2043,2035,1971,2052,2058,2040
2048,2054,2044,2053,2031,2067,2068,2043
2053,2046,2043,2043,2047,2062,2077,2034
2045,2042,2039,2035,2039,2071,2068,2041
2053,2054,2050,2052,2054,2094,2094,2055
2057,2058,2052,2056,2071,2104,2108,2067
2064,2060,2057,2063,2119,2115,2102,2074
2059,2057,2062,2069,2157,2115,2093,2072
2053,2057,2053,2050,2097,2071,2078,2086
2057,2059,2058,2054,2089,2019,2071,2090
2071,2066,2054,2059,2075,2011,2044,2078
2059,2044,2044,2040,2042,2011,2017,2078
2060,2043,2039,2038,2036,2049,2048,2075
2059,2058,2051,2042,2044,2070,2062,2059
2052,2054,2040,2038,2047,2071,2058,2052
2057,2050,2037,2038,2034,2076,2081,2067
2052,2049,2037,2042,2033,2063,2091,2066
2058,2057,2043,2043,2032,2059,2081,2060
2059,2058,2044,2045,2046,2055,2082,2050
2059,2057,2047,2049,2050,2061,2074,2046
2056,2060,2045,2043,2033,2061,2065,2030
2048,2052,2043,2033,2011,2035,2020,2021
2041,2048,2035,2024,1982,2023,2033,2010
2040,2045,2038,2024,1961,2015,2037,2006
2040,2045,2042,2022,1975,1972,2033,2016
2049,2047,2050,2044,2047,1964,2039,2026
2058,2051,2043,2068,2105,2003,2061,2026
2043,2037,2036,2058,2102,2044,2054,2013
2038,2031,2034,2052,2100,2058,2064,2014
2053,2042,2044,2057,2091,2059,2060,2028
2057,2048,2050,2053,2077,2047,2045,2032
2059,2053,2051,2052,2070,2044,2069,2036
2055,2054,2046,2054,2061,2042,2064,2031
2056,2056,2041,2051,2054,2032,2059,2036
2054,2053,2044,2048,2048,2037,2061,2040
2050,2049,2040,2055,2064,2036,2045,2038
2043,2049,2043,2057,2061,2045,2050,2041
2043,2051,2045,2057,2070,2065,2053,2057
2046,2052,2046,2064,2080,2073,2063,2058
2048,2051,2047,2061,2081,2084,2066,2062
2043,2045,2044,2054,2074,2082,2060,2072
2041,2047,2043,2054,2074,2082,2070,2072
2041,2049,2044,2061,2072,2070,2060,2081
2039,2043,2036,2045,2056,2060,2033,2067
2029,2019,2025,2043,2049,2050,2033,2061
2030,2029,2038,2047,2057,2038,2035,2077
2052,2051,2049,2051,2058,2023,2053,2071
2047,2051,2048,2050,2050,2005,2026,2067
2047,2054,2048,2047,2042,1999,2020,2065
2051,2051,2046,2044,2051,1999,2052,2067
2048,2051,2047,2053,2057,2020,2065,2057
2048,2055,2053,2062,2075,2043,2077,2048
2043,2053,2057,2057,2072,2050,2062,2044
2042,2048,2048,2049,2056,2045,2052,2033
2047,2040,2042,2047,2061,2051,2039,2029
2045,2043,2041,2050,2051,2067,2041,2028
2038,2042,2041,2053,2058,2055,2041,2031
2042,2044,2043,2046,2056,2057,2037,2035
2046,2044,2046,2040,2048,2041,2036,2030
2048,2043,2037,2040,2039,2011,2032,2018
2029,2024,2024,2022,2023,1988,2032,2024
2024,2027,2029,2031,2027,1986,2059,2024
2042,2048,2042,2045,2032,1998,2054,2030
2047,2051,2048,2047,2031,2000,2063,2029
2044,2046,2040,2045,2035,2007,2036,2028
2040,2048,2037,2040,2037,2019,2071,2031
2040,2048,2047,2049,2052,2020,2068,2039
2046,2046,2047,2056,2064,2042,2062,2055
2050,2042,2046,2053,2069,2070,2074,2049
2043,2041,2046,2051,2070,2099,2064,2050
2041,2039,2043,2047,2061,2084,2080,2061
2036,2042,2043,2048,2064,2066,2071,2065
2043,2047,2050,2052,2069,2065,2085,2069
2046,2046,2050,2051,2068,2061,2081,2083
2044,2049,2052,2053,2073,2053,2061,2082
2043,2054,2058,2057,2077,2063,2055,2075
2027,2032,2046,2047,2061,2051,2036,2064
2027,2034,2038,2043,2059,2056,2033,2075
2041,2052,2055,2050,2054,2085,2020,2076
2043,2055,2051,2049,2052,2109,2024,2077
2046,2056,2050,2049,2057,2128,2023,2082
2062,2060,2052,2054,2061,2098,2021,2077
2057,2063,2048,2051,2053,1987,1997,2071
2065,2060,2046,2047,2030,1945,2004,2061
2060,2061,2052,2048,2033,1991,2010,2052
2058,2061,2056,2054,2043,2037,2054,2048
2060,2066,2058,2054,2050,2064,2040,2031
2060,2065,2052,2057,2065,2095,2056,2032
2054,2067,2053,2056,2057,2131,2070,2029
2047,2060,2049,2045,2037,2131,2033,2023
2044,2060,2045,2038,2031,2104,2016,2024
2039,2055,2041,2036,2036,2071,2013,2018
2032,2034,2036,2026,2021,2015,2013,2011
2024,2022,2026,2025,2022,2011,2014,2011
2034,2031,2036,2039,2044,2050,2036,2029
2034,2046,2046,2040,2052,2077,2052,2032
2040,2043,2045,2043,2062,2094,2068,2036
2045,2050,2047,2050,2072,2108,2074,2054
2049,2049,2054,2062,2075,2109,2100,2066
2050,2058,2052,2056,2058,2109,2087,2057
2051,2058,2057,2047,2051,2101,2071,2058
2050,2050,2053,2049,2062,2107,2049,2067
2050,2054,2058,2060,2074,2123,2049,2080
2042,2056,2053,2065,2069,2106,2051,2081
2050,2057,2052,2062,2064,2057,2039,2076
2049,2053,2049,2060,2059,2026,2023,2076
2046,2052,2050,2058,2057,2027,2015,2072
2042,2047,2046,2050,2045,2014,1992,2063
2031,2045,2037,2031,2032,1976,1968,2059
2020,2031,2033,2036,2037,1970,1973,2064
2026,2042,2043,2052,2045,1979,2006,2071
2045,2052,2045,2055,2052,1987,2025,2061
2044,2049,2044,2052,2058,2003,2040,2051
2037,2049,2041,2041,2044,2017,2053,2049
2039,2047,2036,2038,2037,2042,2042,2034
2035,2042,2032,2036,2027,2062,2038,2025
2040,2036,2032,2034,2023,2053,2042,2022
2036,2042,2035,2034,2029,2066,2053,2022
2042,2045,2035,2040,2042,2086,2065,2021
2046,2049,2033,2045,2059,2106,2069,2026
2050,2044,2035,2047,2058,2098,2062,2022
2048,2046,2039,2042,2046,2069,2036,2020
2047,2040,2030,2040,2042,2058,2031,2019
2042,2039,2036,2045,2044,2058,2009,2011
2036,2037,2038,2051,2045,2052,2020,2001
2026,2023,2028,2038,2041,2046,2018,1991
2017,2024,2021,2033,2044,2056,2044,2008
2040,2052,2043,2053,2062,2056,2047,2020
2050,2053,2054,2053,2062,2054,2055,2023
2054,2057,2052,2059,2065,2056,2041,2029
2057,2064,2064,2060,2062,2040,2031,2037
2066,2073,2063,2063,2055,2034,2055,2044
2061,2075,2064,2064,2050,2036,2052,2041
2057,2070,2059,2064,2050,2045,2064,2048
2061,2067,2057,2063,2054,2053,2066,2058
2059,2062,2056,2059,2052,2052,2078,2061
2053,2059,2050,2058,2056,2049,2080,2064
2050,2054,2047,2056,2050,2049,2061,2057
2042,2047,2043,2051,2046,2051,2067,2062
2041,2043,2042,2049,2040,2052,2061,2069
2043,2044,2041,2039,2041,2050,2042,2067
2030,2026,2032,2029,2028,2037,2015,2061
2032,2023,2033,2034,2029,2044,2020,2073
2049,2051,2049,2041,2036,2062,2031,2074
2058,2055,2048,2044,2044,2077,2048,2070
2060,2052,2047,2041,2038,2064,2045,2068
2060,2054,2041,2041,2026,2067,2053,2064
2058,2058,2043,2042,2030,2069,2034,2048
2063,2063,2043,2040,2036,2072,2041,2045
2061,2060,2051,2035,2037,2067,2036,2042
2061,2060,2056,2042,2037,2038,2031,2034
2067,2052,2054,2041,2036,2029,2025,2032
2060,2056,2055,2047,2040,2036,2029,2034
2054,2059,2053,2046,2039,2040,2032,2026
2042,2055,2048,2046,2039,2040,2046,2030
2053,2056,2049,2046,2046,2054,2053,2040
2058,2054,2047,2039,2053,2054,2036,2036
2053,2045,2035,2034,2024,2041,2027,2017
2042,2033,2027,2028,2028,2032,2011,2026
2041,2045,2041,2042,2043,2049,2032,2033
2053,2052,2047,2046,2041,2046,2021,2033
2047,2050,2041,2049,2051,2044,2040,2035
2052,2042,2041,2048,2047,2048,2028,2034
2049,2041,2042,2048,2052,2052,2045,2040
2043,2042,2042,2048,2052,2058,2062,2048
2029,2041,2040,2050,2058,2066,2061,2050
2030,2043,2042,2042,2055,2072,2066,2056
2031,2042,2038,2040,2059,2069,2076,2062
2030,2038,2036,2047,2056,2050,2087,2062
2040,2039,2039,2049,2050,2040,2067,2066
2037,2037,2041,2044,2035,2038,2053,2068
2036,2042,2039,2044,2039,2041,2068,2076
2038,2050,2042,2045,2043,2053,2055,2075
2042,2052,2042,2039,2030,2041,2038,2067
2028,2023,2025,2032,2029,2037,2030,2063
2018,2032,2037,2045,2051,2049,2030,2064
2043,2059,2049,2058,2069,2052,2031,2060
2054,2058,2044,2052,2054,2038,2038,2056
2056,2055,2044,2048,2046,2014,2039,2061
2059,2053,2040,2039,2034,2013,2047,2053
2057,2052,2044,2040,2030,2020,2055,2051
2055,2052,2042,2043,2039,2036,2076,2048
2053,2054,2046,2044,2037,2041,2081,2050
2060,2054,2045,2043,2030,2026,2090,2048
2057,2057,2040,2043,2031,2032,2089,2050
2059,2052,2039,2041,2032,2026,2085,2041
2057,2049,2039,2047,2039,2021,2067,2044
2055,2051,2038,2035,2041,2026,2062,2039
2055,2053,2042,2051,2044,2036,2074,2028
2052,2054,2042,2049,2044,2021,2030,2021
2034,2031,2028,2039,2039,2005,2038,2019
2034,2031,2032,2050,2052,2028,2074,2033
2044,2054,2051,2051,2057,2055,2077,2042
2055,2053,2045,2051,2051,2082,2085,2044
2058,2055,2045,2046,2051,2109,2081,2041
2049,2051,2043,2044,2047,2120,2057,2041
2054,2056,2044,2043,2049,2098,2073,2047
2058,2061,2058,2055,2049,2090,2071,2045
2061,2063,2056,2057,2050,2085,2063,2053
2057,2060,2049,2058,2048,2069,2058,2058
2058,2056,2044,2053,2049,2049,2063,2062
2053,2050,2045,2045,2055,2038,2074,2066
2053,2046,2043,2045,2062,2046,2066,2070
2051,2042,2039,2046,2069,2035,2050,2076
2049,2042,2038,2047,2067,2026,2046,2074
2043,2037,2039,2036,2040,2007,2032,2066
2025,2022,2027,2025,2032,2015,2040,2057
2029,2029,2027,2027,2043,2030,2039,2059
2043,2051,2041,2031,2020,2024,2018,2058
2043,2050,2034,2027,2001,2003,2014,2055
2047,2045,2038,2030,2008,2001,2017,2041
2043,2046,2031,2022,2002,1990,2001,2027
2026,2024,2013,2013,2014,1993,1996,2024
2031,2030,2024,2030,2049,2018,2021,2026
2038,2040,2035,2049,2068,2043,2034,2033
2046,2040,2048,2053,2071,2054,2031,2027
2043,2045,2056,2059,2084,2056,2040,2033
2047,2055,2055,2054,2088,2081,2046,2027
2037,2058,2052,2055,2080,2101,2038,2007
2037,2051,2048,2042,2072,2125,2032,1993
2026,2047,2037,2039,2066,2154,2032,1983
2029,2051,2039,2039,2072,2184,2043,1981
2024,2029,2025,2026,2072,2173,2067,1989
2019,2027,2018,2020,2056,2129,2058,1988
2032,2045,2036,2039,2053,2071,2043,1992
2034,2047,2040,2047,2042,1955,2021,1999
2039,2048,2043,2053,2033,1962,2043,1999
2042,2048,2044,2039,2028,2010,2050,1991
2032,2047,2039,2029,2033,2053,2042,1990
2035,2047,2039,2035,2060,2088,2049,2008
2039,2049,2042,2041,2067,2111,2067,2022
2037,2044,2042,2040,2070,2140,2067,2040
2040,2042,2042,2046,2070,2169,2073,2064
2045,2049,2048,2050,2075,2158,2062,2087
2052,2052,2048,2052,2068,2077,2044,2092
2053,2047,2048,2045,2044,1996,2006,2081
2046,2046,2050,2034,2035,2028,2034,2076
2049,2050,2050,2040,2033,2066,2027,2067
2036,2037,2033,2023,2024,2071,2015,2067
2029,2032,2022,2014,2028,2047,2026,2077
2046,2054,2039,2034,2045,1998,2049,2072
2054,2053,2042,2034,2058,2008,2040,2072
2046,2053,2039,2042,2054,2031,2030,2071
2043,2054,2043,2043,2065,2038,2036,2073
2041,2057,2049,2046,2063,2027,2028,2066
2042,2058,2050,2043,2055,2024,2031,2043
2036,2064,2051,2043,2056,2019,2033,2023
2037,2064,2044,2038,2052,2016,2041,2010
2038,2055,2053,2036,2036,2024,2035,1992
2032,2049,2045,2032,1999,2020,2003,1975
2019,2043,2042,2020,1973,1994,1999,1982
2018,2035,2034,1994,1946,1963,1994,1979
2020,2026,2025,2001,1967,1987,2011,1981
2029,2039,2042,2025,2018,2033,2018,1988
2035,2029,2035,2037,2060,2041,2017,2009
2041,2027,2036,2046,2111,2046,2028,2018
2058,2051,2057,2068,2150,2060,2077,2043
2061,2052,2056,2070,2123,2047,2052,2039
2057,2053,2052,2058,2104,2046,2029,2038
2061,2060,2053,2056,2098,2062,2049,2054
2065,2056,2051,2049,2074,2070,2059,2071
2067,2061,2048,2038,2005,2065,2059,2083
2068,2057,2049,2041,2001,2059,2073,2081
2066,2056,2047,2044,2082,2054,2057,2077
2061,2051,2047,2046,2100,2056,2068,2088
2065,2055,2050,2049,2092,2058,2054,2093
2064,2054,2049,2044,2064,2054,2051,2092
2060,2049,2049,2038,2057,2049,2052,2087
2052,2048,2048,2033,2061,2050,2031,2089
2051,2049,2044,2023,2020,2044,2032,2084
2048,2030,2026,1998,2009,2028,2019,2080
2036,2026,2030,2006,2036,2045,2030,2081
2046,2042,2048,2029,2092,2078,2041,2086
2051,2048,2046,2026,2127,2097,2058,2080
2046,2047,2044,2039,2136,2108,2067,2075
2041,2041,2046,2038,2145,2101,2071,2066
2049,2050,2047,2037,2141,2097,2070,2063
2056,2054,2046,2033,2135,2101,2055,2057
2058,2050,2047,2036,2115,2083,2057,2053
2051,2052,2050,2036,2088,2069,2061,2050
2056,2054,2044,2025,1992,2061,2065,2050
2055,2052,2042,2016,1930,2059,2050,2052
2053,2052,2053,2022,1980,2062,2053,2048
2063,2054,2054,2023,2004,2033,2043,2040
2061,2051,2050,2033,2022,2008,2058,2045
2063,2055,2049,2036,2032,2003,2044,2043
2057,2049,2042,2019,2022,1984,2031,2023
2039,2035,2030,2011,2020,1984,2018,2011
2018,2041,2031,2020,2024,2020,2048,2023
2031,2041,2037,2014,2022,2039,2044,2019
2029,2037,2040,2017,2023,2046,2042,2018
2023,2043,2043,2020,2026,2061,2058,2022
2032,2050,2056,2024,2034,2067,2050,2013
2032,2055,2053,2024,2046,2069,2064,2020
2040,2056,2053,2025,2047,2070,2026,2026
2031,2053,2054,2028,2042,2080,2050,2033
2036,2055,2051,2032,2045,2075,2052,2030
2036,2055,2051,2023,2040,2050,2042,2038
2036,2055,2044,2026,2052,2042,2018,2045
2038,2053,2049,2027,2056,2035,2024,2056
2047,2046,2038,2021,2045,2034,2048,2058
2042,2046,2045,2023,2039,2039,2034,2059
2042,2042,2041,2018,2028,2041,2030,2052
2039,2029,2031,2018,2027,2038,2035,2052
2038,2030,2041,2021,2030,2047,2037,2075
2056,2051,2044,2027,2037,2051,2049,2082
2053,2055,2045,2026,2042,2066,2048,2088
2067,2054,2043,2032,2055,2069,2057,2096
2070,2054,2047,2037,2072,2079,2081,2091
2061,2054,2041,2036,2057,2064,2060,2082
2056,2051,2044,2027,2053,2062,2038,2067
2055,2058,2039,2019,2058,2064,2037,2047
2056,2053,2040,2021,2059,2070,2038,2039
2058,2051,2044,2026,2070,2072,2043,2034
2067,2058,2049,2027,2069,2087,2060,2024
2065,2062,2049,2030,2066,2076,2049,2023
2056,2056,2046,2020,2049,2033,2046,2025
2054,2053,2037,2021,2047,2021,2035,2018
2046,2048,2034,2011,2033,1997,2008,2007
2032,2028,2028,2001,2021,2005,2019,2009
2030,2029,2028,2011,2034,2026,2036,2017
2036,2045,2049,2022,2049,2037,2034,2032
2045,2043,2049,2029,2058,2035,2050,2038
2051,2046,2045,2025,2052,2029,2048,2037
2052,2049,2052,2026,2050,2025,2043,2044
2053,2051,2051,2025,2046,2024,2048,2046
2054,2047,2054,2025,2048,2020,2048,2062
2057,2048,2057,2026,2036,2018,2051,2066
2055,2051,2049,2022,2047,2006,2053,2073
2062,2048,2059,2024,2044,2005,2040,2071
2055,2050,2058,2024,2052,2018,2056,2075
2058,2046,2057,2027,2052,2030,2042,2062
2055,2044,2057,2020,2045,2044,2033,2065
2051,2045,2048,2011,2027,2050,2059,2074
2050,2044,2052,2009,2006,2066,2034,2069
2034,2031,2042,2007,2012,2083,2034,2077
2039,2037,2047,2014,2011,2078,2022,2080
2051,2054,2061,2020,2007,2099,2054,2075
2052,2060,2059,2017,2004,2094,2050,2064
2058,2058,2059,2005,2010,2107,2048,2050
2055,2050,2048,2000,2010,2130,2058,2047
2048,2048,2045,2012,2041,2109,2050,2050
2053,2051,2055,2026,2084,2107,2057,2038
2064,2056,2057,2039,2106,2099,2064,2047
2070,2059,2057,2036,2108,2065,2070,2040
2059,2054,2055,2035,2098,2062,2065,2048
2057,2058,2054,2037,2083,2058,2061,2041
2064,2056,2053,2025,2070,2065,2070,2039
2063,2054,2049,2025,2055,2059,2076,2037
2056,2050,2050,2028,2056,2044,2070,2044
2063,2052,2052,2027,2045,2030,2064,2030
2044,2027,2027,2009,2028,2031,2041,2021
2032,2022,2033,2010,2021,2037,2059,2035
2049,2050,2052,2026,2044,2061,2045,2029
2058,2050,2053,2028,2044,2060,2046,2027
2056,2053,2053,2033,2060,2039,2037,2027
2061,2053,2059,2035,2055,2048,2051,2027
2058,2045,2056,2029,2046,2077,2060,2032
2049,2042,2052,2029,2047,2079,2051,2041
2050,2045,2049,2028,2084,2083,2051,2046
2056,2045,2052,2037,2099,2097,2047,2056
2057,2040,2053,2036,2103,2084,2065,2070
2055,2042,2046,2032,2085,2050,2050,2073
2059,2038,2049,2022,2062,2006,2034,2065
2051,2042,2045,2020,2057,1979,2027,2065
2047,2037,2042,2022,2064,1975,2022,2070
2050,2035,2042,2016,2052,1958,2012,2060
2034,2018,2025,2007,2028,1915,1998,2057
2027,2014,2024,2006,2014,1931,2020,2052
2032,2033,2039,2017,2002,1985,2019,2057
2039,2039,2040,2013,1998,2031,2032,2052
2044,2042,2037,2003,1981,2064,2025,2048
2035,2038,2037,1991,1967,2082,2012,2031
2034,2033,2028,1991,1989,2105,2021,2035
2039,2044,2046,2013,2024,2110,2028,2030
2051,2053,2050,2027,2050,2082,2054,2045
2058,2053,2061,2041,2075,2031,2053,2046
2058,2060,2060,2052,2096,2037,2050,2037
2054,2056,2057,2045,2090,2045,2076,2028
2045,2050,2047,2033,2080,2055,2062,2023
2049,2044,2042,2031,2054,2041,2050,2018
2041,2038,2044,2028,2044,2036,2048,2014
2046,2046,2047,2032,2048,2034,2032,2019
2039,2033,2034,2022,2038,2024,2023,2012
2033,2030,2040,2022,2040,2021,2023,2012
2040,2044,2049,2034,2058,2037,2045,2029
2044,2051,2048,2029,2062,2031,2054,2023
2045,2044,2049,2031,2047,2031,2024,2024
2043,2043,2053,2032,2045,2029,2049,2028
2049,2046,2047,2028,2032,2015,2033,2035
2049,2043,2051,2027,2012,1998,2027,2038
2055,2049,2050,2024,2015,1990,2002,2041
2042,2039,2042,2017,2010,2009,1987,2038
2038,2034,2029,2008,2024,2038,2028,2043
2033,2045,2041,2028,2055,2068,2053,2061
2050,2046,2049,2041,2082,2064,2043,2063
2049,2045,2039,2030,2074,2042,2045,2061
2044,2043,2036,2032,2071,2058,2037,2063
2042,2043,2041,2042,2063,2075,2054,2062
2051,2040,2044,2040,2080,2067,2056,2047
2033,2029,2030,2029,2075,2061,2067,2049
2030,2031,2032,2034,2072,2067,2088,2068
2055,2050,2042,2043,2065,2088,2086,2069
2055,2056,2046,2048,2064,2096,2087,2077
2055,2051,2044,2037,2076,2085,2065,2066
2053,2050,2045,2029,2070,2091,2056,2052
2050,2051,2033,2013,2000,2095,2050,2034
2041,2044,2030,2006,2000,2105,2031,2032
2044,2041,2032,2015,2010,2076,2040,2018
2045,2041,2032,2016,1992,1968,2011,2015
2041,2030,2028,2011,2010,1954,2045,2018
2044,2033,2036,2036,2053,2009,2051,2026
2052,2041,2045,2052,2091,2050,2074,2035
2053,2040,2045,2052,2120,2068,2067,2029
2054,2040,2045,2050,2122,2079,2070,2030
2052,2034,2048,2043,2101,2069,2070,2026
2052,2029,2027,2032,2074,2050,2041,2020
2048,2025,2025,2029,2062,2026,2037,2011
2048,2036,2044,2043,2075,2030,2049,2025
2064,2045,2050,2037,2069,2030,2045,2017
2052,2044,2046,2044,2076,2042,2054,2016
2058,2042,2049,2047,2078,2043,2045,2018
2054,2052,2054,2048,2076,2044,2047,2027
2050,2057,2053,2052,2080,2038,2052,2037
2047,2053,2061,2052,2081,2031,2050,2045
2053,2054,2061,2058,2079,2030,2048,2058
2058,2056,2057,2054,2076,2057,2047,2060
2059,2051,2057,2050,2082,2071,2062,2062
2052,2053,2056,2054,2078,2080,2047,2072
2060,2051,2051,2047,2070,2081,2068,2076
2059,2051,2049,2049,2069,2077,2067,2078
2058,2051,2047,2047,2063,2076,2046,2079
2057,2049,2045,2042,2054,2063,2033,2072
2042,2032,2025,2029,2046,2049,2037,2072
2035,2027,2031,2039,2051,2052,2070,2060
2048,2047,2040,2043,2061,2049,2065,2063
2045,2048,2038,2043,2061,2031,2054,2056
2041,2048,2038,2046,2062,1991,2047,2050
2040,2046,2037,2046,2062,1980,2038,2046
2043,2052,2044,2049,2054,1987,2000,2044
2043,2052,2044,2050,2048,1994,2017,2034
2041,2052,2043,2049,2061,2008,2024,2023
2050,2050,2043,2048,2063,2017,2037,2017
2045,2045,2039,2045,2071,2018,2036,2019
2048,2041,2046,2047,2061,2028,2060,2017
2053,2051,2045,2046,2061,2037,2053,2023
2051,2045,2042,2043,2051,2058,2048,2025
2050,2043,2043,2042,2032,2067,2045,2021
2050,2037,2036,2028,2020,2060,2052,2010
2036,2018,2016,2014,1991,2039,2032,2007
2025,2016,2010,2008,1998,2025,2051,2019
2050,2027,2031,2032,2051,2037,2047,2031
2049,2035,2039,2051,2102,2064,2045,2047
2067,2043,2051,2065,2127,2101,2080,2056
2065,2045,2051,2066,2138,2131,2080,2063
2069,2054,2055,2070,2144,2138,2066,2056
2065,2055,2053,2064,2133,2120,2032,2046
2054,2057,2050,2066,2131,2112,2029,2034
2044,2049,2045,2061,2122,2104,2033,2031
2047,2050,2048,2056,2091,2062,2030,2036
2041,2045,2049,2050,2062,2021,2013,2041
2038,2046,2046,2049,2052,2011,2033,2053
2044,2041,2045,2042,2044,2022,2036,2055
2046,2042,2042,2037,2045,2026,2044,2060
2047,2048,2046,2042,2041,2036,2040,2067
2045,2040,2039,2030,2035,2045,2027,2060
2031,2035,2034,2029,2043,2014,2026,2055
2037,2045,2046,2040,2052,2010,2042,2065
2047,2054,2051,2044,2058,2015,2056,2058
2050,2043,2046,2043,2060,2028,2044,2057
2049,2042,2045,2036,2056,2036,2062,2055
2048,2042,2044,2040,2058,2049,2049,2053
2048,2044,2047,2041,2057,2058,2061,2044
2050,2051,2046,2040,2061,2064,2050,2039
2050,2047,2055,2041,2060,2071,2061,2039
2052,2043,2054,2047,2065,2089,2058,2033
2048,2046,2052,2047,2070,2084,2040,2028
2046,2047,2052,2041,2062,2077,2040,2018
2042,2042,2048,2040,2055,2044,2012,2017
2046,2047,2043,2038,2053,1998,2019,2024
2047,2046,2048,2044,2056,1986,2012,2021
2050,2050,2049,2043,2050,1983,2010,2014
2039,2030,2033,2027,2039,1994,2010,2006
2044,2033,2034,2029,2052,2018,2051,2017
2049,2058,2044,2042,2054,2032,2078,2027
2052,2051,2050,2040,2051,2039,2065,2026
2055,2050,2047,2046,2050,2033,2070,2033
2050,2051,2045,2050,2049,2034,2066,2038
2047,2050,2046,2049,2055,2041,2061,2039
2046,2053,2050,2052,2061,2050,2052,2041
2048,2047,2052,2054,2076,2067,2051,2047
2045,2055,2050,2055,2085,2088,2064,2054
2041,2052,2052,2056,2085,2122,2063,2057
2039,2051,2054,2059,2081,2135,2062,2064
2042,2055,2053,2059,2069,2126,2062,2064
2041,2052,2054,2052,2052,2030,2080,2064
2042,2050,2050,2044,2034,1948,2065,2071
2041,2049,2048,2047,2053,1967,2056,2072
2039,2034,2035,2036,2045,1974,2051,2062
2038,2032,2035,2033,2046,1988,2056,2065
2039,2047,2050,2040,2044,2031,2058,2071
2042,2053,2047,2042,2051,2061,2051,2057
2038,2053,2047,2041,2046,2063,2035,2058
2041,2050,2046,2042,2033,2049,2016,2057
2038,2053,2046,2038,2018,2021,2020,2046
2038,2052,2043,2039,2009,2006,2034,2039
2039,2050,2040,2039,2010,2007,2009,2037
2038,2045,2040,2037,2010,2017,2031,2026
2036,2053,2043,2039,2021,2028,2029,2019
2036,2055,2046,2041,2026,2040,2024,2012
2037,2053,2047,2039,2038,2062,2045,2012
2033,2047,2041,2041,2033,2037,2039,2016
2031,2047,2042,2035,2049,1992,2030,2019
2032,2046,2037,2042,2070,1986,2023,2006
2027,2041,2041,2052,2118,2005,2020,2003
2021,2028,2027,2049,2153,2006,2023,1999
2022,2024,2026,2054,2154,2010,2023,2010
2038,2048,2046,2070,2174,2035,2031,2026
2050,2053,2051,2071,2167,2046,2049,2021
2050,2058,2046,2065,2143,2024,2059,2028
2048,2065,2046,2058,2098,2002,2021,2026
2052,2058,2055,2054,2053,2004,2021,2018
2048,2064,2054,2054,2030,2047,2026,2017
2039,2061,2050,2039,1939,2069,2026,2027
2037,2053,2043,2026,1926,2069,2050,2045
2037,2053,2043,2039,1998,2110,2067,2061
2049,2054,2048,2050,2062,2156,2063,2072
2044,2048,2049,2051,2071,2178,2081,2080
2048,2043,2051,2044,2056,2178,2090,2086
2049,2051,2050,2043,2051,2182,2090,2079
2044,2048,2050,2043,2050,2142,2081,2083
2050,2054,2049,2047,2049,2032,2064,2077
2032,2034,2033,2040,2046,1991,2045,2080
2029,2024,2034,2037,2044,1999,2064,2075
2042,2050,2056,2045,2042,1994,2073,2071
2049,2051,2050,2048,2047,2019,2059,2064
2047,2048,2048,2045,2045,2040,2076,2062
2051,2048,2050,2042,2041,2029,2056,2054
2053,2048,2048,2037,2035,2024,2057,2053
2051,2052,2051,2038,2044,2042,2068,2041
2050,2057,2052,2041,2044,2054,2060,2042
2050,2057,2045,2042,2053,2051,2063,2033
2048,2054,2043,2042,2050,2048,2064,2031
2045,2051,2046,2041,2057,2052,2057,2035
2047,2056,2049,2042,2051,2038,2036,2026
2051,2054,2046,2038,2043,2011,2037,2030
2058,2050,2046,2041,2032,2009,2053,2018
2055,2052,2050,2046,2034,2018,2063,2026
2050,2043,2039,2036,2016,2001,2038,2015
2033,2028,2035,2033,2020,2022,2033,2014
2035,2028,2039,2041,2031,2042,2045,2036
2058,2056,2055,2050,2038,2052,2066,2034
2054,2062,2055,2047,2045,2055,2057,2039
2058,2057,2055,2054,2047,2054,2056,2040
2059,2059,2058,2051,2057,2049,2065,2044
2052,2056,2054,2054,2071,2053,2064,2044
2051,2047,2051,2049,2081,2054,2057,2045
2048,2046,2047,2052,2066,2061,2061,2047
2043,2047,2050,2041,2062,2057,2067,2052
2043,2043,2043,2040,2053,2054,2072,2058
2048,2045,2046,2040,2042,2050,2072,2066
2043,2039,2043,2041,2054,2052,2070,2064
2042,2040,2045,2042,2057,2059,2066,2064
2042,2043,2046,2048,2062,2064,2051,2067
2041,2046,2049,2044,2058,2055,2051,2072
2036,2036,2034,2029,2041,2031,2039,2053
2027,2025,2027,2025,2036,2029,2046,2054
2031,2043,2041,2046,2044,2048,2052,2062
2044,2048,2052,2051,2043,2051,2058,2065
2047,2050,2046,2044,2045,2054,2062,2060
2049,2052,2046,2044,2044,2053,2057,2055
2049,2055,2048,2041,2043,2053,2062,2058
2058,2051,2049,2039,2041,2061,2068,2057
2064,2058,2042,2037,2037,2051,2062,2055
2069,2051,2042,2039,2031,2050,2068,2042
2050,2046,2041,2039,2049,2052,2065,2037
2050,2044,2041,2043,2056,2052,2052,2022
2044,2044,2045,2048,2054,2039,2049,2025
2035,2043,2046,2048,2048,2037,2035,2013
2034,2041,2042,2048,2051,2046,2010,2016
2036,2040,2044,2047,2048,2050,2033,2022
2040,2036,2041,2046,2055,2053,2047,2011
2030,2023,2026,2028,2036,2036,2039,2007
2019,2021,2024,2030,2042,2027,2047,2021
2038,2030,2045,2041,2046,2034,2053,2026
2048,2039,2047,2044,2052,2042,2059,2028
2043,2036,2039,2050,2050,2058,2067,2034
2042,2036,2039,2050,2050,2064,2070,2040
2050,2036,2046,2051,2053,2067,2080,2050
2050,2042,2047,2049,2059,2067,2077,2048
2053,2037,2047,2052,2056,2071,2081,2045
2054,2035,2044,2046,2053,2074,2050,2050
2059,2044,2051,2051,2052,2092,2056,2060
2058,2044,2054,2050,2056,2088,2051,2066
2058,2045,2053,2055,2060,2086,2042,2069
2053,2045,2047,2053,2050,2054,2029,2064
2039,2040,2041,2050,2053,2024,2026,2060
2036,2036,2043,2051,2052,2019,2026,2064
2032,2039,2046,2048,2045,2014,2009,2057
2024,2023,2034,2038,2039,2005,2019,2060
2022,2028,2037,2040,2054,2030,2029,2071
2045,2057,2056,2063,2060,2044,2065,2081
2056,2067,2064,2064,2060,2039,2070,2081
2058,2065,2062,2062,2063,2048,2045,2076
2060,2065,2062,2062,2068,2070,2089,2072
2062,2067,2066,2064,2070,2080,2073,2074
2059,2069,2065,2065,2075,2077,2068,2057
2060,2073,2063,2066,2072,2074,2051,2057
2054,2064,2061,2063,2044,2077,2058,2052
2054,2061,2058,2051,2055,2075,2061,2040
2050,2056,2055,2040,2033,2066,2033,2036
2055,2052,2053,2047,2042,2067,2021,2038
2050,2051,2050,2057,2082,2080,2047,2034
2062,2052,2057,2063,2077,2094,2053,2034
2062,2058,2058,2069,2080,2078,2072,2037
2056,2056,2052,2052,2068,2031,2029,2017
2041,2037,2040,2036,2029,2011,2027,2023
2035,2035,2046,2029,2028,2021,2043,2025
2046,2043,2050,2039,2043,2009,2057,2025
2050,2044,2048,2040,2030,2020,2053,2030
2052,2048,2049,2031,2025,2033,2052,2035
2055,2052,2052,2038,2036,2041,2053,2045
2055,2062,2061,2053,2032,2045,2059,2045
2055,2053,2052,2051,2033,2071,2070,2058
2048,2052,2060,2049,2049,2116,2059,2057
2047,2060,2064,2057,2056,2144,2073,2058
2051,2061,2062,2064,2061,2116,2062,2057
2049,2061,2063,2062,2058,2006,2052,2061
2051,2053,2059,2057,2049,1947,2039,2071
2050,2046,2053,2049,2048,1990,2063,2064
2046,2039,2045,2047,2050,2019,2055,2073
2039,2032,2040,2040,2052,2029,2047,2060
2028,2022,2031,2027,2042,2024,2037,2064
2028,2023,2031,2028,2044,2029,2049,2069
2043,2043,2047,2043,2044,2038,2064,2071
2042,2040,2049,2049,2054,2043,2053,2067
2043,2048,2053,2050,2047,2056,2064,2073
2047,2052,2050,2051,2057,2071,2047,2064
2053,2051,2053,2056,2065,2086,2045,2058
2053,2051,2055,2057,2066,2111,2046,2056
2060,2051,2052,2055,2063,2111,2048,2050
2054,2054,2052,2051,2050,2088,2043,2040
2046,2048,2042,2049,2046,2044,2038,2034
2046,2048,2044,2048,2047,2028,2049,2034
2045,2049,2045,2048,2057,1992,2057,2036
2045,2042,2042,2044,2049,1982,2044,2024
2043,2039,2040,2049,2043,1998,2034,2027
2045,2041,2049,2045,2031,2008,2061,2022
2048,2042,2037,2035,2025,2010,2041,2011
2030,2026,2031,2036,2024,2024,2043,2010
2032,2031,2037,2044,2038,2064,2077,2025
2048,2034,2042,2050,2044,2066,2060,2026
2050,2029,2039,2046,2043,2047,2069,2029
2037,2036,2034,2047,2038,2033,2071,2032
2035,2044,2044,2048,2040,2023,2054,2038
2036,2043,2040,2049,2042,2011,2051,2040
2039,2042,2041,2048,2040,2003,2026,2037
2032,2040,2041,2047,2046,2017,2048,2038
2037,2043,2043,2051,2058,2040,2051,2047
2034,2046,2043,2049,2059,2049,2066,2059
2037,2044,2037,2046,2043,2054,2059,2061
2037,2044,2036,2044,2036,2049,2053,2068
2038,2040,2033,2040,2033,2063,2059,2078
2039,2036,2036,2044,2047,2079,2088,2091
2046,2044,2037,2048,2041,2073,2049,2082
2034,2018,2015,2026,2019,2043,2050,2073
2025,2018,2011,2026,2022,2023,2054,2077
2037,2039,2033,2039,2041,2008,2036,2066
2034,2038,2030,2037,2033,1978,2043,2070
2039,2038,2029,2042,2018,1959,2021,2061
2046,2049,2038,2042,2014,1957,2014,2061
2048,2053,2035,2051,2023,1987,2032,2056
2049,2056,2043,2052,2043,2039,2059,2056
2059,2058,2048,2054,2045,2068,2061,2054
2053,2052,2042,2049,2020,2040,2017,2047
2046,2048,2044,2038,2007,2030,2035,2037
2044,2044,2041,2035,2004,2044,2010,2032
2047,2047,2039,2030,2006,2048,2024,2027
2042,2043,2044,2032,2038,2049,2001,2029
2041,2054,2055,2056,2072,2064,2024,2032
2039,2061,2056,2054,2066,2071,2039,2032
2036,2053,2044,2040,2041,2068,2014,2020
2025,2036,2039,2041,2044,2064,2018,2021
2044,2058,2051,2054,2057,2069,2045,2040
2051,2059,2061,2057,2056,2063,2053,2043
2046,2055,2065,2053,2047,2058,2041,2043
2048,2057,2063,2054,2051,2053,2009,2047
2049,2055,2067,2048,2045,2036,2021,2052
2049,2058,2062,2049,2051,2031,2035,2055
2052,2062,2064,2049,2051,2028,2024,2060
2047,2055,2062,2047,2066,2037,2040,2056
2042,2054,2064,2050,2077,2028,2044,2062
2042,2053,2064,2056,2092,2032,2052,2073
2040,2054,2062,2061,2085,2038,2058,2080
2044,2048,2054,2055,2072,2034,2047,2086
2050,2044,2051,2049,2058,2022,2052,2087
2043,2049,2047,2049,2061,2014,2050,2084
2039,2035,2038,2039,2036,1980,1997,2083
2037,2026,2031,2028,2024,1985,1998,2092
2038,2041,2049,2041,2042,2018,2026,2081
2042,2050,2049,2051,2051,2040,2026,2079
2042,2051,2053,2046,2044,2061,2032,2060
2045,2042,2049,2047,2049,2102,2035,2057
2042,2037,2048,2045,2042,2107,2036,2053
2040,2039,2046,2045,2042,2071,2013,2043
2043,2045,2045,2042,2044,2056,2034,2041
2044,2044,2045,2051,2043,2050,2011,2040
2049,2048,2047,2055,2035,2052,2026,2036
2048,2050,2052,2054,2044,2062,2046,2034
2044,2047,2054,2054,2040,2066,2037,2042
2048,2048,2056,2061,2053,2076,2052,2036
2042,2043,2055,2057,2053,2079,2059,2041
2044,2043,2057,2055,2052,2083,2060,2038
2032,2028,2044,2046,2039,2058,2043,2030
2034,2024,2042,2043,2037,2060,2044,2036
2046,2043,2057,2056,2056,2076,2052,2048
2046,2050,2055,2062,2052,2074,2060,2049
2045,2050,2053,2056,2052,2076,2071,2053
2046,2046,2048,2062,2057,2072,2060,2050
2052,2054,2061,2060,2059,2067,2051,2056
2052,2057,2060,2058,2056,2073,2061,2053
2048,2054,2057,2058,2056,2072,2059,2058
2053,2055,2061,2050,2054,2066,2049,2055
2050,2062,2062,2048,2052,2070,2050,2064
2052,2058,2064,2048,2040,2067,2071,2067
2050,2060,2063,2037,2029,2052,2045,2070
2050,2056,2050,2036,2016,2043,2036,2086
2049,2062,2054,2033,2025,2048,2048,2089
2058,2070,2056,2036,2034,2068,2044,2084
2046,2056,2042,2027,2021,2079,2051,2077
2037,2035,2031,2023,2025,2074,2020,2079
2047,2055,2039,2026,2030,2084,2056,2082
2058,2049,2035,2030,2024,2075,2045,2077
2046,2050,2036,2025,2026,2060,2030,2062
2047,2045,2034,2032,2038,2057,2056,2063
2044,2042,2040,2041,2056,2037,2063,2061
2043,2048,2044,2048,2067,2028,2055,2057
2051,2046,2042,2052,2064,2006,2067,2055
2052,2053,2046,2054,2045,1979,2052,2048
2050,2050,2043,2043,2038,1978,2019,2038
2052,2055,2042,2038,2030,2003,2042,2046
2053,2047,2047,2041,2030,2024,2035,2042
2054,2057,2056,2044,2020,2037,2036,2034
2057,2053,2055,2048,2017,2038,2041,2033
2059,2052,2057,2045,2031,2029,2021,2032
2050,2040,2047,2034,2027,2012,2004,2023
2042,2036,2051,2039,2028,2013,2024,2025
2045,2050,2068,2056,2039,2029,2067,2040
2054,2061,2078,2053,2045,2035,2066,2049
2063,2058,2074,2057,2046,2040,2032,2044
2059,2061,2075,2055,2058,2048,2052,2052
2060,2058,2074,2053,2072,2054,2056,2059
2054,2057,2070,2062,2080,2056,2062,2064
2058,2058,2061,2066,2073,2053,2056,2069
2057,2059,2064,2068,2075,2050,2053,2071
2049,2051,2071,2068,2060,2050,2049,2073
2049,2060,2075,2063,2051,2060,2062,2088
2053,2056,2068,2065,2039,2059,2061,2087
2051,2056,2066,2062,2028,2055,2042,2086
2051,2056,2058,2052,2035,2045,2055,2086
2049,2045,2051,2051,2053,2043,2065,2093
2052,2042,2044,2050,2047,2029,2053,2083
2032,2026,2037,2038,2037,2029,2047,2085
2031,2026,2046,2049,2042,2035,2068,2096
2052,2046,2046,2051,2055,2050,2067,2092
2055,2044,2052,2053,2057,2055,2048,2090
2051,2046,2053,2050,2048,2046,2042,2081
2051,2050,2047,2046,2032,2043,2057,2060
2049,2041,2050,2050,2038,2050,2055,2054
2049,2050,2054,2053,2045,2060,2048,2058
2049,2052,2058,2052,2046,2052,2043,2046
2062,2051,2055,2050,2033,2064,2044,2037
2052,2047,2050,2054,2013,2052,2037,2037
2050,2043,2054,2047,1999,2043,2024,2025
2048,2042,2053,2043,1994,2010,2023,2024
2049,2042,2053,2044,2001,1984,2022,2026
2058,2049,2060,2058,2049,1988,2034,2037
2059,2051,2057,2065,2060,2006,2034,2033
2054,2040,2046,2059,2060,2033,2054,2036
2053,2043,2054,2067,2074,2074,2065,2040
2065,2056,2062,2069,2069,2079,2068,2041
2069,2060,2061,2067,2056,2069,2054,2044
2061,2056,2059,2067,2046,2061,2061,2044
2061,2053,2057,2065,2047,2056,2046,2046
2061,2051,2061,2062,2044,2049,2043,2051
2060,2049,2056,2058,2040,2042,2067,2049
2056,2050,2057,2058,2046,2059,2056,2056
2054,2046,2052,2065,2075,2064,2049,2074
2056,2052,2054,2060,2082,2054,2067,2076
2057,2052,2055,2062,2079,2045,2058,2082
2054,2047,2058,2056,2074,2039,2047,2090
2047,2047,2049,2056,2065,2031,2033,2086
2053,2043,2049,2053,2059,2025,2038,2087
2055,2039,2044,2046,2052,2020,2023,2077
2039,2018,2028,2037,2048,2018,2020,2070
2035,2017,2036,2045,2066,2041,2028,2084
2055,2044,2051,2047,2067,2051,2049,2078
2048,2042,2046,2053,2066,2051,2061,2067
2046,2042,2045,2050,2051,2036,2051,2060
2043,2039,2044,2048,2050,2029,2049,2058
2044,2038,2046,2055,2052,2050,2068,2044
2043,2032,2044,2057,2051,2063,2054,2043
2046,2034,2047,2056,2053,2069,2075,2040
2048,2028,2046,2049,2045,2056,2074,2037
2048,2031,2046,2050,2046,2047,2044,2035
2046,2036,2051,2057,2055,2050,2048,2036
2049,2039,2049,2054,2048,2055,2057,2033
2053,2034,2044,2048,2054,2059,2056,2028
2052,2039,2051,2050,2053,2068,2064,2027
2050,2035,2047,2045,2044,2067,2055,2013
2030,2019,2025,2026,2017,2058,2049,2016
2032,2017,2033,2024,1999,2047,2046,2022
2046,2041,2055,2041,2003,2027,2044,2036
2050,2045,2052,2032,2002,2000,2033,2029
2047,2043,2048,2032,2005,1993,2037,2037
2049,2053,2060,2060,2047,2023,2046,2051
2064,2059,2070,2070,2071,2047,2060,2060
2068,2071,2070,2073,2091,2070,2079,2063
2072,2069,2072,2076,2108,2085,2092,2062
2068,2066,2063,2073,2088,2092,2074,2068
2066,2062,2060,2064,2075,2098,2063,2076
2068,2065,2067,2060,2071,2104,2053,2078
2062,2059,2058,2061,2074,2096,2046,2074
2061,2053,2055,2058,2059,2078,2065,2079
2062,2050,2056,2058,2050,2017,2038,2074
2059,2053,2052,2056,2045,1994,2039,2074
2059,2046,2043,2045,2034,2002,2015,2065
2042,2029,2039,2046,2029,2023,2037,2065
2038,2031,2040,2051,2036,2035,2054,2079
2052,2048,2053,2050,2052,2045,2068,2069
2055,2050,2051,2053,2050,2055,2064,2065
2056,2055,2053,2056,2053,2057,2058,2060
2057,2051,2053,2061,2060,2061,2038,2056
2057,2052,2051,2059,2055,2078,2038,2052
2059,2052,2054,2053,2047,2079,2028,2051
2052,2051,2050,2052,2050,2087,2038,2047
2060,2052,2056,2054,2052,2106,2050,2050
2061,2053,2049,2054,2061,2135,2070,2053
2063,2057,2054,2054,2052,2161,2070,2049
2060,2057,2057,2055,2042,2176,2062,2039
2052,2050,2057,2043,2030,2125,2047,2037
2050,2046,2052,2049,2027,2039,2039,2025
2044,2052,2055,2051,2023,1976,2020,2016
2034,2036,2037,2041,2025,1980,2024,2016
2044,2027,2029,2043,2014,1917,2005,2030
2054,2047,2051,2052,2016,1907,2028,2048
2059,2050,2056,2052,2033,1964,2037,2044
2058,2051,2057,2055,2045,2014,2043,2043
2055,2045,2054,2046,2050,2023,2049,2037
2051,2039,2047,2049,2037,2025,2078,2039
2048,2043,2047,2050,2054,2031,2065,2044
2052,2037,2048,2062,2091,2037,2086,2041
2053,2035,2051,2068,2121,2020,2064,2041
2042,2045,2050,2069,2146,2018,2056,2045
2045,2045,2053,2070,2131,2046,2075,2058
2044,2050,2054,2065,2134,2081,2064,2073
2047,2049,2056,2062,2138,2119,2046,2077
2043,2050,2054,2058,2103,2102,2072,2071
2040,2048,2052,2036,2057,2058,2043,2075
2040,2044,2044,2036,2053,2036,2027,2067
2028,2024,2032,2033,1975,2019,2035,2065
2036,2014,2028,2023,1896,2020,2041,2076
2044,2040,2041,2030,1945,2036,2039,2081
2045,2041,2043,2040,1987,2044,2064,2073
2053,2042,2044,2040,2011,2042,2062,2066
2057,2042,2049,2041,2023,2047,2051,2067
2060,2046,2045,2044,2027,2040,2058,2070
2060,2046,2040,2039,2023,2034,2027,2057
2059,2049,2045,2043,2009,2017,2034,2049
2056,2049,2044,2045,2007,2023,2042,2045
2052,2049,2049,2054,2013,2031,2048,2032
2049,2049,2054,2054,2026,2033,2032,2028
2045,2049,2054,2055,2026,2028,2031,2030
2049,2049,2049,2054,2033,2014,2037,2029
2053,2055,2056,2054,2034,2014,2044,2034
2052,2050,2046,2051,2036,2010,2028,2036
2049,2026,2026,2032,2015,2000,2018,2018
2027,2013,2013,2028,2023,1999,2027,2018
2029,2024,2028,2046,2037,2025,2055,2030
2044,2039,2035,2052,2041,2030,2038,2049
2052,2044,2042,2046,2046,2021,2030,2047
2056,2051,2051,2055,2045,2023,2029,2042
2062,2059,2058,2056,2041,2020,2040,2050
2066,2062,2057,2057,2041,2033,2052,2053
2065,2057,2052,2049,2036,2054,2026,2045
2057,2054,2048,2052,2036,2062,2033,2051
2044,2053,2052,2055,2039,2069,2045,2058
2052,2052,2047,2054,2049,2078,2060,2068
2051,2056,2050,2058,2046,2075,2046,2072
2050,2051,2051,2052,2042,2062,2060,2075
2053,2054,2053,2056,2046,2042,2052,2086
2047,2054,2054,2058,2049,2056,2063,2094
