CH1,CH2,CH3,CH4,CH5,CH6,CH7,CH8
2043,2042,2041,2057,2042,2042,2039,2038
2045,2037,2036,2042,2032,2026,2032,2040
2047,2041,2036,2034,2024,2032,2038,2040
2049,2045,2035,2030,2049,2045,2039,2047
2048,2040,2028,2010,2032,2039,2033,2045
2046,2039,2021,1994,1980,2023,2037,2045
2038,2037,2023,2011,1993,2018,2030,2051
2042,2045,2041,2039,2026,2034,2034,2056
2048,2050,2060,2052,2047,2032,2029,2057
2049,2060,2068,2050,2043,2030,2038,2056
2049,2056,2063,2056,2034,2031,2042,2053
2048,2050,2054,2055,2042,2039,2048,2055
2039,2048,2050,2059,2044,2040,2037,2046
2034,2026,2053,2051,2039,2038,2033,2042
2038,2028,2066,2057,2034,2057,2040,2042
2041,2049,2079,2065,2039,2069,2049,2045
2037,2048,2072,2063,2021,2062,2036,2046
2043,2045,2062,2058,2005,2045,2046,2057
2043,2055,2063,2064,1997,2027,2038,2056
2044,2046,2052,2057,1997,1997,2036,2057
2041,2047,2042,2050,2010,1986,2029,2051
2042,2048,2037,2046,2039,2020,2036,2043
2042,2051,2037,2054,2064,2049,2044,2047
2046,2053,2034,2061,2091,2061,2046,2052
2046,2058,2037,2065,2106,2078,2064,2055
2056,2062,2041,2065,2105,2082,2055,2053
2057,2066,2036,2047,2084,2069,2059,2050
2052,2064,2040,2038,2073,2061,2058,2040
2052,2057,2037,2019,2063,2056,2054,2034
2037,2045,2027,2010,2051,2043,2048,2035
2042,2050,2044,2029,2055,2047,2043,2038
2051,2066,2071,2043,2055,2049,2060,2039
2057,2064,2081,2049,2034,2052,2057,2039
2058,2067,2074,2060,2033,2050,2050,2040
2056,2063,2072,2069,2039,2051,2042,2045
2049,2058,2076,2068,2027,2045,2049,2051
2047,2055,2084,2068,2023,2043,2057,2052
2049,2056,2076,2073,2021,2052,2047,2051
2050,2051,2074,2072,2022,2044,2054,2055
2049,2052,2068,2060,2020,2040,2049,2058
2050,2047,2059,2064,2016,2029,2032,2058
2050,2047,2049,2056,2010,2017,2039,2057
2040,2042,2041,2057,2019,2012,2043,2059
2042,2051,2043,2050,2013,2016,2045,2057
2046,2058,2042,2044,2018,2030,2038,2066
2053,2054,2052,2050,2076,2045,2049,2068
2055,2054,2055,2047,2117,2057,2054,2073
2059,2060,2054,2047,2138,2080,2056,2078
2057,2061,2049,2044,2120,2084,2062,2078
2062,2062,2041,2032,2053,2076,2063,2070
2058,2054,2021,2012,2052,2068,2060,2064
2054,2038,2005,2012,2109,2072,2038,2070
2057,2047,2012,2021,2156,2070,2034,2065
2048,2050,2030,2036,2166,2077,2054,2064
2045,2049,2030,2049,2157,2079,2065,2060
2044,2053,2039,2057,2161,2076,2039,2049
2044,2048,2037,2055,2144,2069,2053,2052
2037,2049,2036,2048,2114,2062,2042,2051
2044,2044,2035,2032,2068,2045,2058,2045
2045,2042,2033,2016,1991,2036,2051,2041
2036,2039,2030,2009,1922,2029,2058,2043
2040,2045,2032,2011,1932,2035,2032,2039
2033,2026,2017,2013,1960,2038,2037,2025
2031,2025,2016,2008,1982,2048,2053,2038
2044,2041,2034,2010,1986,2043,2056,2042
2040,2045,2038,2014,1980,2037,2044,2041
2048,2057,2053,2022,2011,2042,2048,2040
2048,2062,2047,2033,2034,2050,2037,2050
2051,2057,2038,2040,2039,2051,2045,2049
2043,2059,2034,2040,2034,2042,2049,2044
2044,2056,2026,2031,2014,2028,2045,2050
2040,2052,2032,2039,2042,2029,2053,2050
2041,2055,2034,2044,2070,2040,2031,2044
2036,2053,2044,2046,2059,2030,2025,2046
2042,2058,2056,2051,2042,2030,2022,2047
2044,2055,2061,2045,2038,2027,2031,2054
2044,2054,2051,2044,2037,2034,2039,2052
2035,2050,2054,2045,2038,2039,2038,2048
2040,2039,2046,2032,2018,2029,2027,2050
2033,2039,2052,2027,2032,2027,2030,2052
2043,2062,2076,2034,2064,2038,2046,2059
2053,2084,2089,2041,2071,2044,2053,2065
2053,2080,2103,2050,2054,2037,2058,2067
2060,2069,2090,2046,2029,2041,2045,2065
2059,2068,2080,2040,2010,2038,2057,2055
2054,2058,2081,2039,2004,2035,2059,2059
2055,2052,2076,2042,2001,2035,2057,2060
2054,2055,2075,2050,2004,2032,2060,2065
2057,2056,2074,2048,2020,2034,2054,2056
2051,2054,2057,2042,2044,2037,2056,2059
2050,2045,2045,2045,2062,2050,2056,2060
2040,2040,2044,2050,2072,2059,2069,2047
2041,2039,2047,2062,2094,2063,2055,2044
2041,2040,2061,2076,2111,2071,2064,2039
2038,2045,2068,2086,2088,2062,2049,2033
2033,2028,2066,2082,2064,2052,2070,2032
2028,2032,2066,2087,2058,2057,2031,2032
2034,2045,2070,2091,2071,2059,2053,2045
2044,2045,2056,2093,2066,2062,2070,2045
2046,2049,2051,2091,2046,2057,2042,2046
2046,2046,2052,2087,2008,2034,2031,2042
2040,2045,2046,2072,1979,2015,2043,2042
2037,2050,2050,2076,2003,2018,2047,2048
2043,2049,2050,2082,2038,2030,2051,2052
2037,2041,2037,2069,2063,2042,2047,2055
2037,2041,2020,2057,2083,2047,2045,2050
2037,2035,2013,2036,2073,2039,2020,2049
2034,2039,2019,2013,2053,2038,2023,2052
2050,2043,2005,1992,2028,2039,2019,2057
2046,2035,1988,1981,2014,2036,2044,2065
2049,2036,1983,1991,2024,2040,2030,2068
2040,2015,1979,2019,2037,2044,2047,2054
2043,2014,1995,2044,2063,2047,2043,2067
2050,2031,2019,2055,2056,2051,2036,2061
2050,2034,2012,2060,2048,2056,2047,2070
2049,2036,2014,2073,2044,2064,2055,2061
2043,2034,2019,2068,2047,2061,2053,2050
2038,2031,2018,2066,2046,2052,2047,2047
2045,2030,2013,2054,2047,2045,2022,2042
2034,2032,2020,2052,2090,2054,2050,2046
2031,2033,2034,2062,2116,2069,2049,2048
2028,2040,2061,2074,2144,2078,2073,2040
2034,2051,2078,2074,2143,2071,2056,2041
2028,2049,2066,2056,2084,2052,2045,2031
2028,2042,2062,2038,2032,2036,2041,2030
2027,2043,2066,2035,2015,2037,2037,2031
2038,2043,2074,2029,2013,2037,2035,2031
2032,2044,2084,2024,2040,2043,2037,2033
2037,2054,2091,2016,2059,2060,2053,2031
2036,2055,2087,2005,2071,2059,2045,2037
2034,2055,2077,2007,2056,2062,2051,2041
2042,2059,2079,2020,2062,2064,2055,2043
2046,2067,2084,2032,2059,2057,2052,2046
2048,2066,2073,2031,2076,2036,2046,2044
2052,2062,2068,2037,2094,2025,2036,2051
2050,2055,2065,2043,2077,2026,2019,2050
2048,2052,2067,2043,2060,2023,2020,2051
2048,2052,2065,2049,2068,2025,2041,2059
2047,2054,2061,2046,2082,2032,2049,2057
2044,2048,2054,2044,2079,2044,2048,2052
2041,2043,2052,2038,2054,2042,2041,2052
2041,2039,2047,2026,1969,2034,2043,2049
2035,2034,2031,2012,1882,2020,2030,2044
2031,2028,2023,2013,1904,2036,2031,2037
2031,2029,2030,2026,1950,2063,2042,2046
2033,2036,2032,2026,1961,2072,2044,2041
2037,2037,2040,2031,1966,2073,2038,2047
2040,2043,2034,2031,1954,2076,2057,2045
2047,2040,2044,2035,1961,2052,2061,2054
2053,2050,2052,2049,2002,2032,2057,2060
2056,2060,2062,2051,2010,2021,2058,2060
2053,2056,2058,2038,1999,2027,2056,2047
2051,2057,2062,2058,2047,2055,2056,2052
2056,2053,2057,2076,2066,2049,2052,2046
2044,2048,2056,2075,2073,2045,2040,2035
2044,2055,2062,2070,2072,2043,2032,2029
2047,2052,2062,2067,2063,2051,2047,2023
2042,2056,2063,2056,2043,2061,2041,2030
2044,2040,2054,2041,2039,2067,2033,2020
2039,2034,2051,2040,2102,2071,2039,2026
2043,2047,2054,2059,2116,2069,2049,2027
2044,2045,2058,2063,2112,2042,2031,2032
2051,2045,2056,2081,2117,2023,2045,2039
2051,2049,2057,2092,2119,2032,2050,2043
2050,2051,2061,2088,2096,2039,2044,2046
2050,2047,2061,2079,2076,2050,2051,2046
2044,2043,2069,2077,2056,2048,2043,2049
2047,2047,2084,2082,2063,2054,2042,2049
2046,2046,2086,2077,2098,2056,2050,2051
2043,2044,2085,2072,2115,2057,2054,2053
2045,2049,2079,2076,2135,2060,2050,2052
2046,2045,2073,2081,2150,2061,2046,2062
2052,2045,2056,2099,2146,2057,2048,2056
2046,2045,2059,2093,2126,2040,2048,2060
2043,2035,2040,2076,2098,2022,2028,2052
2044,2033,2022,2058,2052,2015,2040,2061
2046,2043,2020,2029,1925,2017,2032,2065
2047,2044,2014,2024,1919,2023,2045,2063
2048,2051,2022,2027,1972,2036,2036,2057
2047,2052,2022,2029,2038,2053,2057,2052
2047,2060,2032,2036,2063,2074,2043,2065
2059,2063,2026,2031,2036,2062,2056,2070
2051,2055,2035,2037,2049,2050,2052,2064
2052,2049,2037,2040,2095,2060,2063,2054
2046,2046,2039,2051,2131,2067,2062,2047
2041,2044,2043,2058,2137,2070,2063,2046
2048,2050,2053,2064,2137,2074,2078,2043
2051,2051,2054,2044,2098,2075,2064,2034
2042,2041,2052,2030,2008,2062,2051,2033
2038,2038,2053,2027,1998,2060,2047,2033
2033,2033,2049,2031,1999,2052,2038,2024
2030,2036,2053,2038,2004,2053,2031,2028
2036,2046,2059,2046,2010,2050,2042,2036
2041,2046,2058,2042,2009,2069,2039,2045
2050,2062,2067,2043,2009,2072,2032,2043
2055,2064,2074,2051,2040,2090,2045,2048
2051,2058,2062,2046,2035,2070,2045,2045
2045,2053,2054,2033,2022,2006,2024,2047
2040,2053,2051,2035,2008,1974,2030,2052
2041,2051,2042,2039,2031,1997,2034,2052
2040,2049,2046,2055,2067,2023,2032,2053
2044,2044,2051,2057,2068,2032,2014,2054
2042,2049,2051,2053,2044,2024,2031,2059
2042,2046,2049,2055,2049,2024,2040,2060
2046,2047,2049,2054,2049,2029,2044,2066
2043,2052,2052,2056,2044,2034,2020,2064
2040,2038,2038,2043,2031,2041,2024,2057
2032,2028,2035,2042,2014,2043,2002,2048
2034,2041,2049,2057,2004,2046,2018,2052
2040,2050,2075,2069,1999,2055,2026,2057
2048,2044,2089,2082,1992,2047,2039,2066
2048,2053,2092,2097,2000,2023,2066,2075
2060,2057,2086,2094,2011,2027,2068,2071
2058,2052,2075,2091,2025,2034,2071,2063
2054,2051,2068,2078,1992,2023,2057,2055
2054,2047,2062,2078,2002,2024,2060,2060
2049,2045,2054,2076,2034,2034,2060,2049
2042,2037,2047,2082,2037,2047,2060,2036
2035,2042,2043,2087,2062,2060,2062,2038
2034,2032,2029,2089,2117,2068,2047,2032
2039,2028,2026,2088,2165,2071,2043,2030
2033,2031,2032,2077,2145,2065,2045,2023
2041,2026,2027,2050,2095,2041,2030,2014
2031,2019,2026,2031,2085,2030,2019,2017
2018,2024,2023,2018,2096,2046,2038,2015
2023,2033,2023,2017,2103,2061,2049,2034
2028,2038,2024,2027,2108,2075,2055,2038
2038,2036,2015,2032,2095,2075,2061,2045
2034,2029,2028,2039,2079,2072,2057,2041
2036,2032,2037,2043,2059,2072,2047,2049
2042,2037,2044,2052,2033,2050,2049,2052
2041,2035,2043,2039,2016,2019,2048,2052
2040,2034,2043,2025,2008,2006,2053,2058
2035,2029,2033,2017,2017,2007,2042,2062
2037,2026,2031,2012,2037,2008,2037,2050
2038,2036,2033,2017,2040,2020,2037,2062
2042,2039,2037,2021,2020,2026,2041,2065
2047,2046,2042,2030,2040,2036,2042,2075
2050,2048,2033,2030,2059,2041,2049,2068
2048,2037,2036,2034,2059,2047,2041,2071
2049,2047,2040,2051,2071,2054,2051,2070
2057,2055,2042,2055,2058,2061,2044,2068
2061,2062,2048,2054,2062,2068,2053,2070
2053,2050,2045,2054,2077,2063,2061,2064
2056,2043,2045,2057,2081,2052,2059,2064
2052,2043,2052,2057,2076,2050,2049,2055
2050,2046,2060,2065,2090,2060,2053,2061
2045,2047,2060,2064,2090,2055,2056,2063
2048,2044,2060,2068,2088,2050,2042,2054
2050,2047,2055,2063,2109,2045,2051,2048
2046,2047,2055,2067,2115,2043,2061,2040
2050,2046,2052,2065,2100,2037,2036,2042
2042,2040,2028,2051,2101,2043,2036,2032
2032,2028,2012,2043,2089,2069,2057,2024
2041,2033,2017,2059,2095,2091,2058,2032
2036,2023,2009,2055,2091,2102,2062,2032
2041,2021,2015,2059,2060,2103,2078,2038
2052,2033,2017,2056,1964,2084,2062,2041
2048,2032,2022,2063,1963,2069,2055,2042
2051,2032,2015,2059,2016,2070,2045,2040
2049,2022,2007,2064,2074,2067,2060,2039
2049,2016,2004,2056,2062,2057,2038,2033
2043,2014,1997,2049,2004,2050,2049,2035
2053,2014,1992,2053,1987,2030,2038,2047
2051,2023,1997,2070,2007,2022,2063,2055
2047,2022,2001,2070,2045,2036,2053,2044
2040,2014,2010,2068,2088,2046,2045,2055
2044,2020,2018,2053,2092,2049,2044,2055
2040,2017,2020,2024,2036,2032,2038,2056
2040,2015,2023,1984,1993,2000,2025,2052
2034,2024,2031,1968,1983,1995,2025,2055
2025,2019,2045,1968,1973,2002,2040,2062
2040,2036,2078,1995,1972,2030,2039,2068
2059,2064,2103,2005,1998,2053,2048,2068
2060,2067,2094,1998,2001,2062,2050,2066
2060,2067,2096,2013,2022,2074,2052,2061
2059,2076,2101,2041,2038,2064,2047,2059
2058,2077,2098,2051,2038,2039,2047,2067
2061,2073,2105,2062,2063,2021,2064,2065
2059,2072,2106,2070,2078,2027,2071,2063
2061,2068,2104,2071,2100,2039,2066,2066
2061,2063,2088,2064,2108,2056,2074,2053
2052,2057,2082,2058,2087,2052,2058,2046
2054,2053,2067,2047,2071,2041,2055,2047
2050,2049,2067,2043,2055,2044,2060,2038
2041,2049,2061,2047,2049,2051,2074,2042
2054,2049,2069,2056,2047,2048,2050,2032
2045,2042,2064,2049,2042,2048,2048,2038
2042,2042,2064,2041,2026,2044,2052,2040
2056,2058,2072,2050,2025,2043,2033,2042
2057,2062,2072,2045,2011,2038,2051,2046
2055,2062,2068,2047,2016,2031,2046,2045
2054,2061,2064,2039,2020,2024,2048,2047
2060,2054,2059,2036,2014,2013,2021,2047
2051,2054,2056,2036,2009,2020,2041,2059
2058,2047,2052,2037,2036,2026,2036,2056
2053,2041,2047,2029,2053,2021,2037,2056
2053,2038,2034,2026,2074,2038,2051,2054
2046,2036,2040,2045,2101,2062,2057,2060
2049,2043,2052,2076,2143,2080,2066,2064
2053,2041,2047,2072,2152,2068,2072,2068
2055,2039,2043,2073,2145,2063,2060,2060
2046,2040,2043,2072,2128,2061,2056,2062
2044,2033,2047,2068,2105,2049,2052,2053
2036,2023,2035,2061,2100,2049,2049,2060
2037,2024,2028,2064,2102,2057,2058,2062
2047,2038,2034,2069,2102,2064,2050,2057
2048,2043,2031,2058,2091,2060,2039,2055
2045,2044,2030,2060,2081,2062,2058,2056
2047,2051,2040,2069,2095,2064,2033,2059
2053,2055,2040,2078,2104,2070,2050,2059
2051,2047,2045,2085,2112,2070,2046,2061
2060,2051,2054,2084,2107,2065,2060,2056
2053,2054,2047,2072,2087,2056,2052,2054
2054,2050,2049,2068,2065,2043,2043,2047
2055,2048,2046,2059,2016,2040,2050,2041
2053,2040,2051,2056,1981,2046,2054,2037
2053,2051,2061,2060,2001,2047,2051,2030
2057,2048,2062,2059,2035,2042,2065,2027
2059,2049,2063,2060,2038,2049,2073,2026
2045,2035,2049,2050,2039,2048,2035,2019
2040,2031,2050,2040,2030,2047,2060,2022
2050,2042,2062,2039,2035,2049,2069,2027
2048,2049,2065,2042,2035,2047,2075,2027
2054,2051,2074,2057,2039,2050,2061,2034
2050,2053,2084,2070,2044,2050,2055,2038
2053,2054,2092,2073,2050,2053,2056,2045
2059,2051,2086,2082,2054,2047,2050,2045
2059,2046,2078,2092,2055,2048,2052,2053
2046,2043,2066,2091,2052,2053,2048,2057
2053,2038,2066,2092,2052,2054,2047,2057
2050,2031,2066,2097,2042,2056,2050,2052
2047,2027,2052,2088,2037,2050,2062,2050
2046,2032,2051,2086,2051,2051,2062,2059
2048,2033,2058,2093,2057,2056,2057,2058
2052,2034,2055,2095,2056,2058,2059,2061
2050,2032,2050,2073,2049,2049,2034,2063
2045,2026,2046,2069,2067,2046,2050,2051
2049,2035,2049,2063,2103,2055,2055,2058
2052,2034,2046,2048,2136,2059,2049,2058
2051,2031,2029,2037,2151,2057,2051,2056
2048,2027,2022,2028,2154,2058,2054,2060
2044,2029,2028,2024,2156,2062,2057,2068
2059,2036,2054,2040,2144,2073,2059,2068
2062,2047,2064,2043,2128,2068,2054,2064
2060,2044,2070,2045,2120,2063,2057,2063
2058,2045,2070,2024,2010,2051,2056,2056
2063,2042,2058,2018,1953,2040,2057,2047
2060,2040,2056,2017,1984,2044,2063,2041
2061,2043,2052,2011,1923,2033,2056,2042
2052,2036,2049,2021,1954,2040,2069,2045
2050,2033,2045,2037,2052,2063,2062,2032
2044,2026,2045,2037,2052,2061,2045,2032
2048,2028,2040,2035,2027,2047,2048,2036
2051,2041,2049,2031,2010,2047,2042,2038
2055,2035,2038,2032,2023,2036,2043,2039
2054,2035,2030,2031,1996,2025,2044,2041
2048,2035,2038,2029,1987,2019,2044,2039
2056,2037,2038,2034,1992,2019,2024,2046
2052,2025,2039,2040,1998,2017,2010,2047
2056,2028,2039,2051,2015,2027,2018,2058
2058,2030,2040,2061,2038,2048,2048,2058
2060,2033,2044,2071,2064,2055,2047,2060
2069,2036,2041,2076,2068,2066,2062,2059
2058,2034,2037,2076,2066,2069,2054,2060
2052,2028,2020,2060,2062,2064,2027,2053
2050,2024,2016,2055,2032,2056,2040,2056
2047,2023,2012,2043,2012,2046,2038,2059
2042,2011,2001,2018,1987,2034,2015,2057
2033,2013,2004,2000,1984,2028,2007,2059
2039,2026,2013,1995,2021,2035,2029,2065
2047,2030,2023,1994,2037,2040,2035,2058
2054,2038,2037,1998,2028,2038,2050,2070
2056,2048,2055,2004,2021,2038,2043,2061
2062,2057,2077,2010,2024,2038,2039,2058
2055,2058,2080,2024,2030,2044,2044,2061
2056,2057,2076,2038,2045,2053,2048,2052
2050,2049,2067,2037,2074,2064,2054,2052
2045,2042,2048,2042,2077,2067,2059,2052
2052,2036,2041,2046,2072,2062,2051,2055
2049,2034,2031,2047,2064,2053,2062,2054
2054,2032,2020,2049,2060,2055,2051,2050
2054,2030,2020,2058,2061,2062,2044,2047
2054,2033,2020,2060,2067,2067,2042,2046
2052,2021,2010,2054,2054,2064,2049,2038
2041,2008,1992,2048,2045,2061,2036,2031
2043,2013,1989,2047,2046,2053,2040,2036
2044,2013,1982,2046,2049,2051,2036,2035
2044,2014,1980,2043,2049,2054,2042,2039
2052,2024,1985,2050,2056,2054,2036,2039
2053,2032,1989,2054,2056,2039,2039,2041
2047,2030,1988,2052,2053,2036,2030,2047
2052,2028,1992,2050,2054,2034,2038,2048
2053,2029,1996,2041,2055,2046,2018,2050
2045,2022,2016,2032,2042,2052,2019,2051
2037,2023,2051,2019,2019,2041,2008,2045
2037,2028,2066,2008,1999,2031,2021,2049
2035,2037,2099,2014,2004,2032,2033,2052
2051,2068,2146,2033,2001,2034,2034,2056
2058,2091,2162,2051,2004,2046,2039,2065
2070,2088,2153,2053,1975,2044,2055,2069
2059,2073,2137,2057,1991,2043,2043,2069
2058,2068,2125,2066,1983,2045,2053,2070
2065,2064,2111,2064,1969,2050,2058,2076
2062,2057,2100,2066,2015,2064,2065,2075
2061,2063,2090,2072,2071,2064,2053,2068
2056,2063,2084,2069,2096,2069,2047,2067
2059,2059,2079,2068,2094,2063,2054,2057
2061,2051,2065,2060,2084,2047,2032,2053
2059,2051,2065,2057,2116,2055,2047,2058
2060,2050,2070,2067,2138,2069,2070,2059
2060,2052,2065,2059,2130,2061,2054,2053
2051,2047,2063,2046,2112,2042,2022,2044
2045,2043,2060,2035,1978,2018,2046,2037
2048,2037,2055,2030,1940,2029,2026,2037
2050,2042,2057,2045,1985,2037,2035,2038
2052,2042,2054,2053,2038,2044,2044,2036
2041,2030,2044,2045,2042,2035,2035,2032
2047,2034,2045,2042,2032,2039,2043,2033
2051,2042,2047,2043,2029,2053,2045,2040
2056,2046,2056,2051,2042,2063,2047,2042
2065,2042,2058,2052,2052,2070,2049,2043
2055,2040,2061,2050,2048,2074,2051,2039
2052,2041,2057,2050,2044,2067,2050,2043
2050,2039,2053,2044,2047,2060,2032,2040
2044,2040,2051,2042,2060,2056,2031,2041
2046,2040,2050,2057,2071,2064,2021,2051
2051,2044,2055,2065,2075,2063,2030,2052
2049,2039,2047,2059,2071,2026,2029,2055
2053,2039,2048,2057,2052,1972,2031,2052
2055,2038,2045,2050,2014,1972,2027,2041
2046,2035,2047,2045,2000,1984,2037,2050
2043,2033,2036,2034,1991,1983,2022,2045
2039,2014,2033,2027,1994,1991,2035,2043
2040,2022,2041,2043,2038,2023,2038,2053
2050,2042,2054,2060,2068,2040,2031,2061
2059,2040,2054,2067,2096,2055,2043,2069
2063,2039,2056,2072,2107,2077,2058,2067
2057,2038,2052,2068,2096,2075,2066,2061
2055,2034,2049,2063,2080,2069,2046,2061
2055,2040,2047,2057,2070,2070,2043,2056
2051,2036,2041,2056,2069,2068,2066,2051
2049,2036,2044,2055,2059,2066,2062,2043
2048,2033,2042,2053,2057,2064,2055,2044
2048,2034,2051,2057,2057,2064,2061,2038
2053,2036,2048,2057,2058,2068,2064,2036
2054,2044,2048,2059,2058,2069,2055,2038
2052,2045,2043,2057,2052,2062,2058,2034
2049,2039,2038,2051,2047,2050,2051,2028
2037,2025,2026,2051,2053,2048,2027,2025
2044,2035,2036,2060,2052,2061,2044,2032
2049,2029,2037,2061,2052,2061,2046,2031
2054,2036,2038,2062,2054,2063,2064,2033
2055,2047,2043,2069,2055,2058,2051,2041
2053,2045,2050,2065,2047,2058,2049,2042
2063,2050,2045,2067,2054,2059,2037,2051
2060,2051,2049,2064,2050,2057,2033,2049
2063,2044,2060,2065,2053,2059,2041,2053
2059,2045,2060,2054,2049,2056,2028,2053
2049,2045,2057,2043,2051,2054,2044,2057
2054,2040,2052,2044,2040,2054,2049,2058
2060,2043,2055,2049,2050,2052,2053,2056
2053,2040,2058,2056,2047,2055,2050,2055
2054,2043,2056,2049,2045,2060,2055,2060
2051,2039,2042,2042,2044,2053,2042,2060
2041,2030,2032,2039,2045,2051,2037,2058
2041,2028,2026,2040,2050,2055,2048,2054
2042,2036,2030,2044,2054,2052,2047,2060
2044,2031,2035,2045,2054,2055,2052,2063
2047,2033,2040,2043,2050,2055,2049,2064
2051,2036,2036,2037,2053,2053,2038,2053
2053,2037,2041,2039,2043,2048,2029,2048
2051,2035,2050,2036,2040,2037,2036,2049
2050,2036,2048,2045,2053,2041,2032,2048
2050,2034,2045,2048,2070,2042,2053,2044
2052,2036,2046,2049,2065,2038,2052,2041
2047,2038,2052,2045,2058,2047,2038,2034
2050,2047,2058,2049,2052,2051,2044,2035
2052,2045,2059,2044,2054,2052,2052,2030
2057,2044,2056,2043,2051,2053,2029,2031
2053,2034,2050,2042,2048,2046,2028,2032
2047,2024,2043,2033,2046,2046,2032,2033
2048,2025,2049,2047,2050,2056,2039,2038
2059,2047,2056,2050,2052,2054,2044,2046
2068,2060,2056,2043,2043,2059,2053,2050
2061,2056,2051,2039,2029,2058,2047,2052
2058,2053,2055,2039,2030,2058,2065,2057
2055,2052,2052,2045,2039,2056,2040,2055
2053,2040,2056,2043,2044,2053,2026,2053
2049,2048,2052,2050,2048,2054,2049,2054
2052,2046,2050,2049,2049,2051,2045,2050
2057,2047,2048,2047,2049,2054,2047,2056
2055,2041,2050,2044,2042,2052,2046,2058
2058,2040,2052,2042,2039,2051,2058,2055
2060,2025,2042,2044,2044,2056,2061,2058
2050,2022,2043,2048,2042,2056,2066,2060
2043,2025,2044,2043,2043,2056,2068,2055
2034,2011,2042,2040,2044,2058,2054,2060
2037,2017,2047,2053,2046,2070,2077,2070
2057,2041,2065,2059,2057,2078,2066,2074
2062,2040,2067,2062,2061,2080,2066,2070
2064,2039,2068,2062,2064,2060,2054,2061
2066,2040,2064,2057,2055,2047,2056,2063
2060,2029,2056,2053,2057,2044,2058,2054
2051,2033,2054,2052,2050,2037,2055,2056
2054,2032,2057,2051,2047,2029,2046,2044
2052,2027,2060,2051,2047,2030,2051,2039
2046,2026,2050,2046,2050,2034,2057,2037
2042,2027,2045,2049,2047,2038,2061,2035
2041,2018,2044,2048,2050,2043,2052,2033
2044,2023,2043,2046,2053,2050,2056,2029
2044,2021,2042,2048,2057,2054,2062,2033
2049,2023,2042,2042,2051,2046,2057,2032
2040,2011,2034,2041,2048,2042,2053,2027
2040,2014,2036,2045,2052,2051,2053,2033
2048,2024,2049,2047,2051,2053,2057,2037
2041,2030,2041,2047,2048,2050,2052,2035
2042,2026,2041,2050,2046,2057,2064,2044
2048,2027,2045,2053,2049,2064,2069,2045
2050,2030,2051,2054,2042,2062,2070,2047
2060,2032,2054,2055,2044,2064,2063,2053
2050,2028,2050,2054,2049,2066,2062,2052
2048,2033,2056,2052,2052,2062,2072,2052
2053,2030,2054,2051,2049,2066,2064,2052
2055,2036,2049,2053,2053,2057,2063,2054
2062,2037,2055,2052,2046,2053,2063,2050
2054,2037,2053,2050,2050,2051,2055,2056
2051,2038,2051,2053,2048,2049,2063,2058
2047,2035,2051,2050,2041,2036,2043,2047
2037,2022,2046,2044,2041,2018,2039,2051
2040,2016,2048,2054,2046,2027,2046,2052
2047,2030,2052,2051,2052,2041,2055,2062
2044,2035,2052,2056,2054,2044,2062,2057
2046,2035,2057,2056,2046,2047,2054,2060
2044,2029,2051,2050,2045,2045,2057,2056
2058,2028,2055,2057,2052,2048,2063,2051
2052,2028,2052,2054,2052,2046,2066,2060
2052,2028,2057,2056,2057,2045,2061,2060
2052,2029,2064,2064,2053,2050,2065,2043
2053,2032,2061,2061,2058,2050,2053,2045
2056,2037,2061,2058,2058,2043,2047,2049
2057,2032,2068,2056,2053,2041,2038,2041
2052,2037,2065,2061,2047,2035,2054,2040
2052,2035,2064,2059,2046,2038,2054,2038
2057,2032,2058,2047,2047,2027,2053,2034
2043,2024,2054,2049,2044,2030,2042,2031
2041,2029,2056,2055,2047,2038,2050,2036
2048,2030,2052,2051,2050,2039,2059,2036
2048,2029,2054,2055,2046,2037,2057,2040
2046,2028,2049,2051,2048,2046,2054,2041
2046,2032,2050,2050,2053,2046,2059,2041
2051,2028,2042,2045,2049,2054,2058,2045
2052,2028,2051,2052,2055,2061,2064,2046
2051,2036,2049,2056,2049,2056,2057,2053
2051,2031,2055,2051,2049,2057,2064,2054
2049,2031,2054,2051,2042,2056,2042,2051
2047,2025,2051,2046,2042,2062,2043,2052
2050,2038,2056,2049,2049,2061,2060,2060
2055,2035,2058,2050,2048,2065,2060,2064
2056,2035,2049,2051,2053,2062,2031,2058
2052,2033,2046,2051,2037,2049,2026,2049
2043,2018,2045,2048,2033,2041,2042,2055
2037,2023,2058,2056,2042,2046,2048,2058
2049,2029,2050,2055,2055,2045,2047,2055
2049,2030,2051,2057,2050,2035,2051,2060
2044,2032,2054,2050,2046,2039,2039,2057
2046,2034,2055,2054,2047,2037,2043,2050
2046,2034,2057,2055,2043,2042,2046,2050
2042,2029,2054,2058,2050,2038,2050,2048
2039,2032,2050,2058,2056,2041,2040,2045
2038,2028,2053,2055,2062,2049,2028,2045
2035,2029,2053,2057,2059,2047,2028,2040
2037,2026,2049,2052,2066,2053,2042,2033
2026,2032,2045,2051,2064,2057,2047,2031
2032,2027,2041,2048,2061,2059,2056,2039
2036,2027,2045,2048,2067,2065,2050,2032
2034,2024,2039,2047,2058,2056,2058,2030
2031,2021,2035,2048,2056,2048,2043,2030
2033,2032,2051,2054,2059,2058,2058,2033
2042,2029,2050,2060,2064,2064,2048,2037
2037,2030,2050,2061,2059,2061,2027,2028
2037,2032,2050,2057,2057,2059,2034,2027
2038,2033,2050,2059,2055,2065,2026,2039
2033,2037,2054,2058,2057,2071,2039,2041
2038,2029,2049,2055,2051,2068,2048,2035
2029,2029,2047,2058,2050,2058,2057,2031
2031,2023,2035,2050,2041,2050,2041,2041
2030,2024,2042,2054,2036,2042,2041,2035
2037,2028,2042,2055,2041,2041,2043,2038
2043,2027,2052,2060,2052,2044,2039,2047
2035,2021,2048,2059,2040,2043,2042,2035
2033,2024,2049,2054,2036,2034,2035,2043
2028,2012,2039,2041,2034,2029,2018,2034
2025,2020,2033,2046,2038,2038,2016,2044
2040,2030,2050,2058,2049,2046,2038,2055
2040,2042,2054,2061,2051,2045,2040,2056
2044,2040,2054,2056,2050,2046,2041,2054
2044,2043,2051,2066,2051,2048,2040,2052
2043,2039,2048,2062,2046,2051,2040,2052
2037,2033,2045,2052,2042,2060,2044,2040
2031,2031,2044,2046,2040,2064,2053,2044
2034,2029,2044,2043,2039,2064,2053,2044
2041,2039,2052,2039,2046,2061,2055,2043
2032,2043,2052,2033,2048,2054,2060,2044
2035,2041,2046,2044,2053,2061,2061,2040
2042,2036,2052,2048,2066,2069,2059,2036
2044,2041,2055,2055,2071,2073,2063,2036
2040,2038,2064,2059,2066,2067,2042,2036
2031,2027,2061,2052,2066,2055,2027,2024
2030,2032,2057,2052,2068,2052,2029,2026
2028,2040,2063,2061,2064,2054,2010,2043
2038,2046,2064,2058,2071,2051,2014,2042
2042,2050,2060,2055,2056,2040,2035,2052
2041,2047,2062,2050,2039,2031,2021,2044
2041,2051,2056,2045,2030,2014,2012,2041
2052,2052,2052,2042,2026,2017,2000,2050
2092,2060,2051,2038,2022,2026,2006,2059
2085,2054,2052,2042,2022,2029,2009,2054
2069,2049,2052,2041,2024,2031,2012,2053
2055,2042,2049,2043,2022,2037,2032,2050
2051,2044,2052,2045,2036,2043,2035,2050
2050,2041,2050,2043,2039,2047,2031,2049
2044,2042,2046,2047,2039,2056,2057,2059
2052,2041,2046,2049,2044,2052,2051,2059
2045,2038,2044,2049,2050,2057,2054,2065
2044,2034,2043,2053,2051,2072,2070,2054
2039,2036,2045,2063,2065,2088,2074,2051
2043,2038,2054,2065,2073,2101,2085,2043
2043,2042,2047,2067,2085,2068,2056,2043
2042,2035,2052,2060,2069,2003,2036,2040
2035,2031,2053,2067,2068,2001,2028,2050
2045,2029,2054,2076,2077,2021,2010,2053
2046,2033,2060,2074,2080,2024,1996,2050
2042,2038,2071,2080,2076,2026,2006,2039
2036,2033,2071,2080,2069,2024,2001,2022
2022,2037,2062,2069,2066,2022,2002,2008
2020,2042,2057,2053,2060,2029,2016,2008
2019,2042,2049,2050,2054,2031,2016,1992
2006,2037,2048,2047,2053,2032,2010,1965
2004,2034,2038,2040,2057,2032,2014,1957
1993,2022,2027,2028,2035,2020,2010,1944
1994,2021,2025,2029,2035,2031,2013,1940
1996,2032,2034,2030,2024,2006,2038,1946
2002,2040,2036,2030,2015,1996,2037,1952
2020,2040,2037,2035,2012,1989,2032,1964
2045,2044,2041,2043,2022,2003,2041,1976
2058,2051,2046,2040,2020,2008,2039,1973
2051,2053,2048,2048,2018,1998,2025,1978
2061,2052,2049,2050,2028,2007,2026,2004
2070,2063,2055,2053,2045,2028,2023,2026
2074,2059,2052,2045,2045,2031,2003,2039
2072,2055,2058,2040,2043,2034,2023,2054
2074,2051,2051,2040,2037,2031,2021,2064
2069,2052,2051,2040,2041,2044,2050,2087
2074,2047,2051,2045,2040,2060,2053,2089
2076,2048,2053,2055,2050,2076,2063,2087
2067,2040,2045,2047,2044,2072,2031,2071
2063,2044,2043,2047,2040,2068,2041,2063
2064,2055,2047,2045,2053,2064,2045,2063
2065,2047,2045,2043,2046,2051,2030,2058
2052,2045,2044,2032,2045,2057,2065,2055
2044,2041,2039,2031,2045,2065,2042,2055
2042,2043,2038,2026,2043,2076,2057,2064
2047,2042,2042,2034,2053,2084,2064,2070
2056,2046,2046,2046,2063,2086,2071,2074
2057,2057,2046,2049,2066,2080,2041,2076
2056,2057,2053,2051,2073,2083,2043,2064
2059,2059,2052,2052,2065,2079,2025,2070
2057,2056,2048,2045,2055,2078,2034,2064
2051,2049,2045,2042,2050,2049,2033,2055
2050,2048,2046,2046,2044,2034,2033,2052
2046,2050,2045,2046,2052,2034,2049,2043
2046,2037,2036,2044,2050,2023,2058,2041
2038,2037,2031,2041,2054,2033,2045,2049
2042,2041,2036,2043,2061,2027,2054,2042
2044,2041,2037,2048,2057,2022,2051,2047
2048,2045,2034,2044,2060,2031,2070,2050
2043,2050,2042,2039,2039,2043,2053,2047
2049,2047,2038,2033,2030,2063,2059,2050
2044,2051,2038,2032,2037,2076,2052,2047
2048,2044,2038,2036,2037,2073,2033,2051
2049,2041,2040,2037,2037,2061,2040,2055
2043,2049,2040,2033,2039,2054,2037,2063
2045,2043,2039,2038,2036,2037,2047,2063
2050,2047,2043,2038,2036,2029,2035,2068
2049,2037,2040,2038,2044,2037,2024,2077
2044,2046,2043,2046,2043,2023,2024,2068
2048,2052,2042,2042,2037,2015,2008,2069
2041,2044,2041,2037,2031,1997,2008,2069
2036,2040,2036,2034,2034,1995,2020,2068
2040,2044,2044,2047,2039,2003,2028,2064
2046,2044,2043,2044,2040,2012,2025,2066
2038,2044,2040,2040,2042,2021,2024,2056
2043,2044,2040,2043,2046,2029,2024,2057
2038,2044,2043,2042,2057,2033,2029,2058
2042,2048,2044,2046,2062,2032,2011,2055
2041,2047,2046,2043,2055,2058,2035,2050
2039,2042,2039,2040,2061,2080,2039,2042
2037,2037,2038,2036,2051,2090,2081,2048
2034,2039,2041,2038,2055,2089,2090,2040
2041,2044,2043,2047,2058,2081,2068,2041
2032,2040,2043,2042,2051,2056,2047,2033
2031,2037,2047,2043,2055,2054,2040,2036
2030,2042,2054,2041,2068,2072,2061,2035
2028,2034,2050,2035,2069,2072,2032,2025
2029,2030,2046,2031,2057,2066,2039,2024
2026,2040,2046,2038,2059,2071,2045,2032
2036,2050,2056,2045,2056,2068,2039,2030
2033,2043,2045,2044,2063,2066,2045,2032
2029,2042,2051,2041,2060,2060,2049,2035
2029,2039,2054,2040,2060,2054,2042,2039
2033,2045,2058,2041,2049,2059,2056,2031
2039,2049,2051,2034,2041,2069,2048,2043
2036,2047,2054,2037,2033,2061,2042,2044
2034,2048,2051,2033,2025,2064,2050,2047
2037,2051,2047,2030,2022,2047,2044,2056
2041,2044,2045,2038,2023,2019,2050,2057
2043,2056,2052,2047,2038,2019,2053,2056
2042,2059,2050,2050,2060,2029,2048,2066
2046,2052,2053,2046,2059,2056,2061,2055
2040,2052,2041,2039,2061,2068,2047,2053
2031,2038,2039,2036,2052,2052,2043,2053
2033,2043,2043,2044,2060,2034,2056,2058
2048,2057,2047,2049,2052,2034,2062,2056
2040,2052,2048,2044,2049,2056,2062,2055
2040,2049,2041,2043,2040,2076,2058,2060
2045,2052,2046,2037,2049,2082,2062,2050
2042,2050,2045,2038,2048,2068,2073,2052
2041,2050,2039,2035,2035,2052,2056,2050
2039,2047,2043,2036,2010,2020,2044,2047
2040,2042,2037,2035,1998,1981,2036,2035
2030,2042,2038,2023,1984,1962,2026,2022
2036,2046,2037,2022,1995,1990,2035,2029
2037,2053,2044,2041,2023,2000,2049,2033
2046,2060,2052,2049,2047,2016,2043,2029
2044,2059,2053,2044,2072,2044,2057,2027
2047,2058,2055,2048,2089,2059,2054,2027
2046,2061,2055,2052,2083,2049,2052,2026
2043,2062,2058,2056,2075,2046,2061,2033
2051,2074,2064,2056,2067,2033,2050,2037
2051,2067,2056,2054,2067,2031,2033,2037
2056,2069,2056,2054,2060,2041,2037,2033
2047,2062,2051,2044,2055,2058,2051,2036
2042,2054,2048,2040,2048,2057,2056,2031
2043,2055,2041,2036,2041,2057,2055,2038
2048,2062,2042,2032,2032,2053,2062,2031
2038,2053,2035,2032,2039,2050,2064,2040
2041,2053,2037,2035,2043,2049,2065,2041
2042,2045,2027,2037,2062,2056,2061,2040
2032,2044,2034,2040,2062,2058,2044,2045
2034,2053,2028,2040,2057,2060,2050,2047
2038,2052,2027,2038,2052,2057,2058,2052
2043,2055,2022,2035,2058,2052,2053,2039
2039,2035,2011,2034,2050,2046,2055,2041
2034,2034,1996,2038,2064,2062,2070,2046
2035,2041,1999,2051,2059,2071,2065,2044
2040,2035,1998,2059,2066,2089,2060,2045
2035,2036,2003,2060,2060,2107,2072,2039
2035,2041,2013,2063,2061,2118,2075,2043
2035,2043,2023,2070,2060,2093,2059,2048
2040,2051,2031,2077,2056,2075,2081,2046
2046,2046,2030,2074,2047,2075,2065,2042
2037,2045,2028,2072,2033,2029,2050,2025
2028,2043,2028,2064,2022,1976,2039,2010
2028,2047,2040,2054,2019,1982,2039,2015
2030,2058,2064,2076,2029,2005,2067,2007
2028,2058,2067,2076,2045,2029,2056,2011
2032,2053,2067,2065,2041,2023,2044,2002
2024,2050,2054,2056,2050,2024,2039,2003
2020,2031,2036,2038,2066,2034,2046,2004
2012,2026,2029,2029,2076,2041,2042,2007
2023,2034,2028,2012,2076,2018,2033,1997
2017,2035,2032,2003,2053,2014,2032,1999
2021,2050,2065,2019,2047,2032,2052,2010
2036,2075,2098,2040,2060,2046,2073,2019
2047,2090,2114,2044,2062,2047,2061,2025
2047,2080,2102,2033,2055,2048,2058,2024
2048,2081,2101,2029,2043,2036,2053,2028
2042,2075,2090,2026,2046,2027,2058,2028
2040,2070,2080,2026,2042,2028,2044,2024
2033,2063,2070,2020,2034,2024,2040,2029
2035,2062,2067,2023,2045,2028,2039,2029
2037,2057,2058,2029,2055,2035,2041,2034
2042,2056,2061,2038,2054,2038,2056,2031
2040,2055,2063,2026,2036,2025,2054,2028
2032,2046,2055,2025,2039,2023,2061,2029
2029,2047,2047,2033,2048,2022,2066,2030
2040,2059,2059,2034,2055,2024,2049,2035
2043,2060,2057,2035,2062,2022,2071,2029
2043,2064,2065,2039,2070,2032,2072,2038
2042,2065,2062,2043,2074,2032,2076,2036
2044,2062,2062,2037,2065,2035,2073,2026
2047,2066,2062,2041,2065,2031,2067,2029
2045,2067,2063,2040,2063,2030,2064,2021
2042,2061,2058,2044,2062,2031,2060,2018
2040,2063,2061,2042,2060,2055,2078,2020
2038,2067,2060,2046,2040,2092,2081,2021
2036,2064,2052,2047,2077,2111,2057,2016
2041,2057,2051,2047,2103,2102,2081,2007
2038,2058,2057,2051,2098,2086,2075,2012
2038,2057,2060,2057,2117,2074,2070,2000
2032,2045,2044,2046,2111,2056,2065,1992
2023,2035,2039,2042,2118,2048,2054,1995
2029,2043,2035,2053,2132,2052,2046,1997
2027,2034,2040,2059,2148,2053,2065,1989
2026,2025,2038,2055,2114,2040,2064,1987
2022,2030,2029,2056,2128,2049,2061,1989
2022,2025,2025,2076,2122,2055,2058,1993
2022,2027,2039,2101,2090,2052,2062,1996
2023,2028,2057,2114,2016,2044,2054,1999
2022,2030,2058,2104,1951,2038,2057,2004
2027,2034,2058,2097,1959,2037,2068,2017
2033,2040,2056,2085,1946,2032,2053,2021
2036,2045,2054,2078,1930,2015,2045,2015
2037,2054,2051,2082,1958,2010,2056,2018
2040,2056,2044,2078,1978,2007,2061,2017
2044,2058,2041,2068,1962,1998,2054,2013
2024,2049,2035,2066,1979,1999,2047,2012
2025,2053,2045,2078,2024,2007,2056,2018
2038,2065,2051,2076,2068,2015,2075,2022
2040,2068,2042,2061,2096,2028,2065,2015
2039,2066,2035,2031,2090,2034,2063,2020
2043,2064,2035,2007,2066,2036,2089,2025
2044,2069,2041,2004,2061,2050,2080,2027
2047,2074,2043,1983,2043,2068,2084,2020
2050,2070,2022,1970,2036,2082,2097,2022
2053,2068,2017,1962,2032,2065,2069,2016
2050,2061,2016,1970,2019,2025,2058,2002
2040,2065,2022,1991,2021,2036,2064,1999
2040,2060,2031,2000,2024,2060,2060,1997
2036,2057,2023,1996,2013,2050,2048,1988
2037,2043,2026,1982,2006,2039,2062,1983
2031,2037,2026,1977,2003,2037,2041,1975
2014,2025,2021,1968,2024,2036,2037,1976
2011,2021,2038,1995,2055,2045,2049,1981
2019,2052,2058,2020,2074,2039,2058,1988
2026,2057,2065,2022,2064,2029,2055,1995
2031,2065,2059,2021,2052,2028,2038,1994
2040,2066,2052,2017,2046,2036,2046,1992
2035,2062,2046,2012,2049,2047,2053,2000
2032,2051,2036,2009,2044,2062,2050,2010
2036,2056,2040,2018,2044,2068,2057,2015
2042,2067,2050,2023,2042,2075,2056,2018
2044,2073,2067,2032,2034,2084,2059,2019
2050,2079,2081,2040,2049,2088,2078,2028
2053,2082,2082,2041,2057,2092,2074,2039
2061,2085,2081,2038,2049,2084,2073,2033
2051,2089,2077,2039,2054,2074,2069,2037
2060,2093,2080,2038,2049,2057,2074,2036
2046,2077,2066,2028,2029,2028,2060,2034
2044,2065,2058,2022,2021,2029,2092,2031
2044,2067,2059,2035,2048,2050,2088,2026
2042,2063,2050,2032,2058,2057,2078,2023
2044,2056,2036,2034,2058,2072,2082,2030
2051,2052,2040,2041,2058,2076,2093,2029
2051,2056,2031,2039,2052,2076,2095,2032
2045,2050,2022,2037,2048,2075,2095,2015
2035,2046,2015,2041,2046,2074,2072,2012
2034,2043,2023,2049,2061,2081,2083,2012
2040,2049,2026,2059,2066,2088,2081,2010
2048,2052,2025,2060,2067,2081,2087,1999
2042,2050,2020,2058,2049,2058,2072,1986
2044,2053,2013,2045,2037,2034,2058,1985
2038,2049,2015,2047,2021,2037,2062,1983
2040,2045,2014,2052,2018,2051,2063,1980
2037,2033,2002,2037,1997,2048,2062,1975
2028,2034,1999,2021,1962,2034,2046,1969
2032,2040,2005,2014,1931,2024,2045,1968
2034,2041,2008,2001,1921,2017,2045,1974
2032,2037,2013,1985,1906,2021,2042,1978
2026,2044,2025,1983,1912,2004,2042,1986
2033,2051,2052,2006,1959,1987,2022,1994
2040,2066,2069,2016,1977,1984,2031,2004
2040,2070,2067,2016,1995,1996,2050,2010
2046,2068,2076,2030,2065,2027,2064,2012
2044,2078,2088,2040,2098,2036,2057,2016
2047,2085,2098,2042,2073,2026,2049,2007
2046,2072,2091,2041,2077,2035,2056,2011
2042,2071,2089,2039,2084,2038,2063,2008
2040,2068,2097,2037,2077,2035,2069,2008
2047,2074,2094,2050,2055,2036,2067,2012
2037,2064,2086,2049,2040,2027,2054,2011
2037,2054,2079,2047,2062,2043,2057,2018
2045,2070,2081,2058,2089,2059,2063,2017
2049,2065,2078,2059,2102,2064,2070,2015
2043,2071,2076,2058,2113,2062,2064,2020
2048,2066,2073,2066,2106,2066,2064,2016
2048,2060,2073,2065,2110,2065,2065,2016
2052,2064,2072,2069,2111,2067,2064,2014
2046,2063,2078,2059,2104,2066,2057,2012
2043,2059,2064,2053,2099,2069,2053,2016
2039,2052,2054,2050,2086,2063,2053,2008
2039,2049,2051,2033,2025,2047,2044,2009
2040,2049,2049,2041,2037,2054,2064,2008
2036,2049,2049,2051,2045,2060,2051,2005
2043,2044,2044,2053,2056,2055,2069,2000
2038,2050,2043,2048,2059,2062,2053,1995
2034,2032,2038,2037,2042,2060,2058,1986
2026,2029,2046,2031,2042,2068,2056,1975
2028,2047,2059,2035,2034,2082,2072,1977
2028,2052,2065,2026,2019,2085,2067,1978
2035,2053,2068,2013,1986,2082,2068,1990
2046,2060,2063,2017,1986,2053,2068,1994
2045,2062,2056,2022,1990,2008,2066,1998
2046,2061,2055,2028,2006,1992,2076,2005
2045,2056,2047,2035,2012,2010,2077,2002
2049,2055,2050,2037,2013,2024,2057,2006
2042,2052,2050,2039,2029,2032,2064,2016
2046,2054,2058,2037,2034,2034,2059,2014
2049,2058,2057,2045,2030,2035,2051,2015
2046,2059,2062,2045,2042,2035,2042,2016
2043,2061,2053,2048,2037,2036,2071,2020
2048,2059,2064,2049,2035,2038,2065,2014
2043,2059,2049,2042,2028,2028,2050,2014
2040,2045,2041,2043,2030,2030,2057,2015
2043,2050,2048,2049,2044,2040,2059,2022
2048,2053,2047,2049,2040,2045,2060,2023
2050,2057,2050,2049,2037,2043,2067,2025
2044,2058,2054,2047,2046,2044,2078,2025
2044,2054,2053,2048,2047,2041,2093,2019
2045,2061,2050,2050,2041,2048,2075,2019
2049,2058,2053,2045,2051,2045,2060,2014
2045,2053,2045,2037,2039,2044,2048,2001
2043,2051,2043,2030,2035,2043,2042,2006
2038,2053,2036,2022,2028,2046,2059,2013
2041,2051,2030,2024,2029,2044,2087,2008
2044,2054,2041,2030,2019,2044,2073,2005
2041,2060,2043,2033,2016,2044,2081,2005
2042,2061,2042,2032,2010,2044,2076,2008
2041,2058,2036,2025,2005,2031,2064,2007
2037,2056,2045,2029,2007,2033,2065,2003
2047,2064,2057,2037,2020,2037,2081,2018
2045,2075,2069,2038,2016,2041,2084,2011
2056,2076,2063,2039,2014,2045,2080,2018
2053,2072,2053,2041,2022,2049,2079,2024
2058,2070,2056,2038,2045,2047,2078,2026
2055,2060,2048,2031,2060,2039,2082,2030
2059,2057,2049,2040,2070,2041,2092,2031
2056,2061,2043,2045,2062,2047,2087,2038
2051,2058,2046,2049,2065,2050,2078,2034
2048,2055,2042,2053,2097,2051,2068,2023
2041,2047,2043,2059,2097,2058,2066,2019
2039,2048,2042,2056,2096,2062,2084,2034
2037,2049,2044,2053,2088,2067,2082,2033
2042,2047,2038,2052,2056,2063,2073,2037
2047,2036,2035,2040,2044,2049,2054,2035
2045,2030,2032,2038,2046,2042,2055,2031
2047,2033,2031,2034,2035,2040,2045,2036
2052,2050,2033,2024,2021,2031,2070,2036
2046,2053,2039,2033,2042,2044,2077,2040
2051,2053,2047,2040,2050,2044,2083,2040
2049,2049,2036,2029,2034,2045,2087,2041
2053,2046,2039,2024,2004,2039,2080,2037
2055,2043,2032,2028,2008,2038,2081,2030
2052,2045,2033,2033,2028,2042,2077,2033
2044,2040,2035,2036,2039,2042,2078,2026
2046,2044,2035,2038,2051,2051,2088,2018
2042,2040,2039,2048,2060,2051,2075,2022
2038,2033,2050,2051,2055,2044,2080,2018
2050,2048,2051,2057,2063,2040,2086,2016
2046,2047,2051,2061,2073,2045,2085,2019
2042,2046,2042,2063,2070,2039,2090,2007
2036,2031,2029,2057,2061,2036,2075,2002
2036,2032,2034,2056,2062,2032,2081,2010
2043,2043,2037,2059,2060,2032,2079,2011
2041,2039,2029,2052,2047,2033,2073,2006
2033,2040,2022,2048,2050,2033,2082,2011
2041,2047,2029,2051,2045,2034,2070,2027
2051,2056,2033,2052,2060,2061,2084,2045
2063,2068,2039,2052,2066,2088,2080,2048
2064,2067,2041,2048,2070,2116,2081,2051
2067,2074,2043,2040,2066,2105,2080,2055
2064,2072,2040,2037,2068,2085,2074,2054
2070,2074,2040,2036,2068,2080,2081,2055
2064,2070,2040,2020,2067,2074,2075,2059
2062,2063,2036,2016,2057,2070,2083,2060
2053,2069,2031,2018,2058,2067,2078,2069
2065,2066,2036,2018,2051,2058,2072,2056
2058,2047,2034,2027,2049,2054,2071,2056
2054,2042,2036,2034,2053,2056,2094,2061
2056,2055,2045,2040,2061,2053,2076,2055
2046,2053,2045,2040,2055,2050,2059,2056
2050,2044,2050,2038,2055,2050,2069,2050
2051,2042,2049,2045,2065,2052,2054,2055
2049,2046,2047,2051,2062,2046,2059,2049
2053,2047,2047,2052,2062,2048,2064,2050
2058,2055,2041,2049,2060,2052,2059,2045
2060,2046,2029,2051,2052,2054,2071,2046
2056,2049,2033,2050,2058,2056,2072,2041
2055,2050,2033,2050,2054,2058,2080,2040
2059,2047,2026,2047,2056,2063,2077,2034
2057,2042,2026,2054,2052,2062,2069,2035
2056,2041,2030,2045,2049,2060,2080,2034
2051,2043,2029,2039,2043,2053,2067,2029
2038,2030,2031,2033,2049,2044,2063,2015
2042,2028,2040,2040,2058,2045,2071,2027
2049,2043,2060,2046,2063,2052,2075,2032
2048,2054,2068,2053,2069,2048,2070,2039
2055,2058,2067,2051,2074,2058,2072,2045
2060,2057,2068,2048,2067,2062,2076,2047
2060,2065,2073,2041,2056,2053,2045,2054
2059,2064,2068,2049,2045,2040,2043,2058
2067,2060,2074,2053,2043,2039,2053,2062
2066,2064,2071,2052,2047,2042,2040,2059
2063,2068,2068,2051,2054,2046,2075,2064
2061,2064,2062,2057,2055,2050,2080,2064
2064,2062,2062,2061,2058,2044,2068,2057
2065,2062,2060,2056,2050,2034,2066,2069
2060,2061,2056,2052,2061,2043,2065,2068
2063,2070,2058,2058,2069,2050,2064,2063
2057,2049,2050,2048,2075,2043,2064,2060
2055,2046,2038,2061,2081,2047,2083,2074
2067,2065,2040,2058,2109,2053,2070,2074
2068,2057,2032,2054,2122,2049,2073,2072
2062,2053,2029,2051,2138,2053,2076,2069
2060,2048,2037,2056,2129,2058,2093,2066
2059,2045,2035,2052,2119,2064,2091,2068
2060,2047,2043,2053,2102,2065,2098,2066
2061,2051,2047,2054,2093,2062,2098,2073
2062,2054,2048,2057,2100,2071,2104,2060
2065,2054,2050,2060,2082,2073,2109,2058
2053,2045,2036,2055,2023,2065,2106,2042
2054,2039,2034,2047,1944,2053,2106,2036
2051,2045,2051,2050,1971,2055,2096,2031
2057,2057,2058,2055,2004,2071,2081,2032
2059,2056,2053,2050,2020,2065,2081,2029
2047,2047,2039,2038,2029,2035,2057,2028
2047,2038,2035,2036,2035,2036,2068,2036
2055,2057,2045,2036,2043,2044,2084,2045
2058,2061,2041,2026,2034,2038,2081,2053
2056,2055,2034,2013,2031,2031,2063,2055
2057,2052,2026,2010,2028,2027,2073,2056
2055,2050,2029,2016,2038,2029,2071,2055
2060,2049,2037,2020,2046,2029,2056,2056
2061,2044,2041,2031,2061,2026,2054,2053
2065,2048,2052,2041,2060,2039,2060,2054
2061,2050,2050,2050,2064,2051,2065,2063
2064,2053,2050,2050,2057,2058,2049,2062
2058,2052,2047,2051,2059,2071,2055,2060
2060,2047,2035,2059,2049,2081,2080,2060
2058,2041,2030,2054,2046,2084,2086,2054
2055,2041,2034,2054,2039,2075,2083,2058
2058,2039,2028,2049,2032,2068,2083,2062
2059,2041,2044,2055,2013,2061,2086,2069
2064,2056,2050,2062,2022,2051,2087,2065
2070,2064,2051,2059,2017,2028,2082,2062
2064,2063,2051,2064,2000,2012,2076,2062
2068,2057,2051,2066,1994,2014,2060,2050
2060,2056,2052,2066,2005,2026,2064,2053
2061,2056,2051,2068,2017,2026,2081,2057
2059,2054,2053,2063,2024,2014,2064,2061
2059,2057,2052,2063,2020,2017,2074,2050
2058,2063,2049,2063,2030,2032,2078,2058
2054,2057,2040,2050,2040,2042,2085,2049
2056,2052,2034,2037,2071,2045,2086,2046
2050,2043,2038,2018,2082,2037,2082,2042
2049,2045,2052,2023,2081,2020,2076,2036
2045,2051,2067,2037,2068,2009,2068,2028
2039,2038,2054,2044,2049,2005,2062,2028
2031,2033,2042,2043,2038,2018,2079,2029
2043,2031,2032,2046,2041,2030,2087,2027
2042,2028,2020,2044,2060,2033,2082,2029
2044,2024,2016,2044,2100,2048,2076,2022
2044,2029,2019,2025,2096,2062,2072,2033
2049,2036,2018,2013,2071,2061,2080,2046
2052,2039,2028,2009,2057,2042,2061,2050
2053,2048,2043,2025,2049,2027,2040,2054
2051,2051,2051,2029,2056,2029,2044,2051
2054,2051,2051,2035,2050,2047,2055,2058
2057,2053,2045,2031,2049,2071,2060,2063
2062,2048,2041,2029,2056,2084,2078,2066
2064,2051,2040,2029,2059,2098,2080,2076
2068,2054,2040,2020,2039,2094,2100,2077
2062,2054,2042,2020,2011,2083,2083,2072
2060,2041,2034,2019,2023,2086,2076,2066
2057,2041,2040,2029,2049,2110,2086,2068
2063,2050,2050,2044,2086,2127,2090,2069
2060,2051,2043,2042,2083,2117,2072,2060
2056,2039,2042,2037,2072,2097,2064,2052
2054,2044,2042,2047,2065,2030,2043,2056
2059,2051,2055,2052,2056,1986,2061,2059
2062,2052,2053,2046,2060,1987,2058,2045
2061,2047,2049,2045,2061,1993,2039,2045
2055,2040,2043,2042,2059,1996,2025,2044
2053,2044,2044,2041,2053,2012,2033,2051
2057,2044,2051,2039,2062,2038,2050,2047
2057,2046,2049,2050,2070,2070,2054,2053
2054,2050,2050,2052,2076,2081,2059,2056
2058,2049,2050,2047,2078,2097,2067,2050
2049,2040,2049,2043,2065,2111,2063,2038
2052,2028,2037,2039,2057,2108,2052,2038
2051,2026,2033,2031,2045,2108,2042,2031
2050,2034,2037,2034,2044,2106,2057,2038
2054,2046,2034,2036,2042,2065,2058,2051
2061,2054,2042,2046,2052,2025,2069,2059
2066,2058,2040,2058,2060,2019,2085,2055
2061,2050,2040,2057,2055,2028,2078,2050
2059,2046,2035,2054,2041,2036,2088,2051
2065,2047,2034,2055,2033,2049,2060,2054
2061,2044,2027,2061,2067,2076,2064,2058
2064,2042,2028,2056,2076,2073,2065,2053
2061,2038,2022,2058,2053,2068,2068,2056
2056,2032,2024,2056,2029,2025,2055,2049
2046,2029,2028,2054,1995,2018,2051,2049
2048,2022,2021,2055,1999,2026,2053,2045
2043,2017,2014,2049,1989,2019,2054,2038
2028,2004,1996,2024,1962,2011,2028,2030
2022,2000,1997,2023,1981,2011,2045,2045
2036,2018,2022,2060,2072,2022,2061,2065
2053,2039,2054,2088,2130,2028,2077,2080
2065,2052,2063,2084,2147,2050,2050,2075
2057,2050,2053,2069,2113,2072,2082,2067
2048,2035,2044,2051,2088,2082,2059,2057
2043,2033,2039,2043,2055,2069,2059,2057
2040,2024,2035,2026,2021,2059,2056,2056
2040,2031,2033,2023,2014,2060,2054,2053
2042,2037,2042,2017,2009,2030,2060,2056
2047,2043,2045,2004,2010,2005,2052,2058
2047,2048,2040,2003,2022,2009,2057,2058
2049,2058,2042,1997,2036,2020,2064,2054
2044,2062,2048,2002,2030,2020,2072,2049
2057,2066,2056,2014,2025,2029,2059,2049
2053,2063,2062,2015,2017,2032,2060,2047
2048,2054,2056,2021,2018,2040,2065,2047
2052,2064,2070,2028,2048,2049,2049,2052
2049,2063,2062,2032,2054,2044,2058,2049
2053,2058,2053,2030,2061,2042,2058,2054
2044,2057,2051,2037,2111,2061,2064,2056
2052,2070,2052,2047,2139,2074,2071,2062
2058,2061,2038,2036,2108,2065,2080,2068
2057,2057,2034,2037,2121,2068,2076,2066
2056,2056,2030,2047,2126,2065,2083,2070
2053,2055,2030,2052,2115,2060,2075,2064
2054,2048,2032,2042,2114,2051,2071,2056
2046,2043,2037,2040,2096,2045,2077,2061
2054,2053,2051,2058,2086,2052,2078,2072
2062,2061,2058,2055,1983,2040,2065,2073
2062,2055,2051,2044,1956,2034,2051,2064
2059,2050,2040,2037,1975,2039,2054,2064
2051,2041,2031,2038,1993,2042,2031,2063
2055,2045,2040,2044,2040,2059,2054,2078
2064,2054,2043,2049,2039,2054,2060,2073
2059,2053,2044,2053,2077,2063,2051,2068
2061,2053,2046,2059,2122,2067,2068,2067
2057,2054,2046,2060,2138,2069,2076,2068
2052,2053,2043,2064,2136,2073,2061,2074
2062,2058,2052,2068,2110,2069,2063,2071
2059,2057,2051,2063,2103,2063,2059,2067
2059,2053,2052,2070,2070,2050,2058,2065
2053,2042,2057,2072,2022,2032,2065,2059
2046,2033,2074,2088,2017,2025,2055,2055
2047,2032,2082,2097,2073,2044,2034,2046
2049,2023,2080,2092,1999,2035,2016,2040
2042,2026,2078,2088,1971,2026,2026,2039
2046,2037,2086,2096,1978,2021,2024,2034
2042,2025,2090,2105,1990,2021,2048,2030
2033,2026,2089,2111,2033,2042,2052,2034
2050,2043,2092,2113,2081,2059,2042,2038
2054,2047,2082,2120,2092,2070,2036,2044
2061,2050,2079,2116,2073,2074,2043,2046
2057,2051,2072,2108,2062,2076,2045,2052
2059,2058,2066,2102,2052,2076,2040,2058
2064,2058,2057,2080,2004,2070,2040,2067
2061,2058,2040,2047,1970,2070,2052,2066
2064,2042,2012,2005,1949,2070,2048,2069
2058,2041,1999,1971,1931,2062,2043,2071
2061,2038,1996,1960,1938,2036,2040,2072
2060,2046,2003,1955,1927,2016,2042,2067
2067,2050,2020,1965,1938,2007,2037,2065
2067,2049,2030,1986,2061,2027,2032,2066
2062,2049,2028,2005,2126,2041,2026,2064
2052,2030,2022,1998,2076,2035,2026,2066
2043,2037,2034,2009,2049,2042,2036,2071
2051,2049,2042,2012,2030,2049,2030,2072
2054,2045,2049,2016,2042,2070,2055,2065
2053,2043,2042,2032,2104,2086,2054,2063
2054,2041,2038,2049,2158,2088,2047,2066
2054,2046,2040,2053,2168,2092,2046,2068
2064,2050,2045,2061,2175,2111,2064,2073
2061,2048,2053,2077,2181,2128,2076,2078
2063,2044,2047,2075,2131,2108,2071,2072
2051,2043,2050,2067,2147,2102,2054,2069
2052,2041,2048,2076,2230,2112,2075,2059
2057,2037,2053,2080,2221,2108,2079,2052
2051,2042,2049,2069,2129,2077,2057,2051
2061,2042,2047,2032,1911,2011,2053,2045
2052,2036,2038,1985,1769,1958,2039,2036
2038,2018,2033,1965,1805,1948,2006,2024
2035,2020,2034,1996,1959,1959,2006,2024
2049,2043,2052,2011,2048,1964,2006,2028
2055,2055,2055,2007,2043,1957,1998,2027
2054,2056,2050,1992,1952,1945,1998,2033
2059,2053,2049,2016,1998,1974,1993,2041
2051,2048,2044,2038,2050,1999,2011,2042
2052,2050,2039,2039,2043,2019,2007,2048
2050,2045,2042,2036,2028,2041,2014,2062
2054,2052,2045,2032,2054,2054,2018,2060
2050,2052,2045,2038,2052,2056,2018,2069
2052,2050,2043,2037,2051,2051,2046,2069
2059,2052,2042,2043,2076,2044,2038,2071
2064,2041,2046,2040,2098,2034,2027,2079
2060,2041,2046,2034,2103,2035,2032,2073
2052,2045,2043,2036,2088,2026,2041,2061
2043,2023,2033,2028,2071,2015,2035,2054
2039,2032,2037,2042,2050,1991,2031,2062
2047,2050,2050,2052,2054,1984,2034,2068
2055,2049,2055,2073,2091,2001,2025,2068
2055,2051,2050,2068,2058,2009,2027,2063
2054,2048,2044,2035,1910,2017,2024,2072
2056,2051,2044,2002,1829,2036,2040,2068
2054,2062,2051,2001,1921,2065,2049,2067
2057,2067,2054,2027,2015,2081,2027,2057
2050,2062,2052,2049,2054,2081,2055,2050
2047,2050,2049,2053,2091,2074,2040,2052
2044,2052,2046,2061,2128,2080,2031,2049
2043,2048,2044,2065,2113,2071,2052,2044
2042,2043,2040,2066,2075,2058,2048,2044
2038,2042,2038,2066,2072,2065,2052,2033
2037,2044,2044,2072,2077,2078,2041,2030
2027,2041,2038,2061,2073,2072,2037,2021
2032,2040,2033,2070,2076,2080,2045,2028
2040,2048,2030,2062,2064,2099,2020,2025
2038,2052,2031,2055,2039,2072,2003,2029
2042,2045,2033,2049,2044,2056,2005,2026
2043,2041,2028,2050,2043,2055,1997,2036
2040,2038,2021,2045,2047,2036,2005,2040
2044,2030,2013,2043,2032,2017,2014,2050
2039,2034,2024,2058,2069,2025,2020,2064
2044,2043,2033,2071,2083,2028,2018,2071
2046,2052,2040,2072,2084,2036,2041,2071
2047,2056,2037,2057,2068,2028,2043,2072
2050,2060,2040,2046,2021,2047,2049,2077
2055,2061,2036,2045,2024,2061,2062,2071
2046,2043,2043,2027,1952,2046,2062,2070
2041,2048,2054,2013,1877,2019,2033,2057
2044,2051,2056,1988,1810,2010,2024,2075
2045,2062,2069,2001,1827,2014,2050,2093
2057,2070,2080,2033,1922,2035,2034,2090
2050,2060,2083,2054,2037,2079,2053,2095
2056,2060,2080,2070,2084,2127,2083,2107
2072,2073,2091,2095,2136,2154,2084,2109
2074,2075,2092,2089,2140,2135,2055,2103
2066,2066,2073,2084,2145,2109,2095,2101
2062,2050,2048,2054,2065,2055,2061,2082
2054,2041,2031,2044,2065,2009,2032,2062
2045,2028,2031,2072,2209,2007,2019,2032
2028,2012,2017,2045,2137,2002,1997,2021
2027,2018,2028,2046,2086,2009,2015,2039
2035,2027,2049,2097,2141,2020,2020,2042
2037,2040,2052,2090,2088,2021,2046,2043
2036,2041,2046,2052,2032,2012,2050,2036
2029,2030,2040,2018,1979,2009,2046,2031
2036,2033,2043,2009,2031,2029,2056,2040
2049,2060,2057,2036,2134,2057,2053,2048
2060,2061,2064,2057,2184,2080,2039,2043
2050,2055,2059,2072,2207,2102,2044,2052
2045,2046,2053,2070,2202,2102,2053,2054
2051,2035,2046,2061,2168,2089,2046,2050
2042,2031,2038,2042,2092,2082,2046,2059
2041,2038,2044,2036,2072,2078,2053,2063
2041,2047,2043,2037,2043,2069,2063,2070
2045,2044,2036,2022,1958,2025,2055,2076
2047,2050,2033,2030,1929,1975,2052,2075
2050,2051,2038,2044,1974,1953,2036,2066
2037,2030,2037,2039,2002,1987,2041,2058
2038,2039,2041,2058,2051,2019,2044,2061
2031,2041,2045,2057,2066,2050,2030,2054
2019,2020,2029,2045,2040,2081,2035,2052
2018,2024,2040,2064,2053,2101,2055,2075
2035,2051,2056,2083,2084,2117,2056,2073
2037,2047,2054,2071,2068,2097,2051,2072
2034,2042,2043,2038,2011,2067,2020,2067
2043,2045,2049,2057,2078,2016,2032,2078
2045,2051,2054,2056,2080,1993,2036,2079
2041,2046,2049,2059,2050,2001,2041,2075
2047,2041,2048,2063,2091,2023,2006,2071
2040,2043,2045,2082,2143,2042,2019,2080
2042,2046,2055,2094,2161,2053,2032,2076
2043,2051,2049,2082,2135,2064,2043,2064
2043,2049,2048,2067,2107,2074,2052,2057
2042,2048,2049,2072,2088,2082,2045,2057
2035,2042,2048,2065,2072,2072,2048,2053
2040,2043,2047,2053,2050,2064,2049,2063
2036,2034,2043,2035,1963,2014,2045,2057
2030,2025,2039,2019,1900,1981,2016,2061
2038,2036,2051,2030,1965,1991,2028,2058
2042,2047,2053,2044,2014,2016,2033,2058
2048,2047,2060,2053,2011,2060,2027,2051
2043,2051,2065,2046,1974,2079,1992,2054
2043,2055,2056,2043,1937,2069,2019,2061
2047,2057,2061,2036,1919,2080,2026,2074
2056,2061,2060,2037,1921,2081,2017,2082
2059,2062,2051,2030,1914,2088,2028,2092
2057,2061,2055,2037,1978,2097,2024,2090
2059,2064,2063,2055,2044,2102,2035,2094
2058,2063,2062,2067,2057,2112,2036,2087
2058,2057,2058,2046,2021,2108,2043,2082
2045,2046,2050,2028,2022,2099,2046,2074
2039,2041,2035,2024,2085,2086,2015,2078
2035,2034,2029,2021,2099,2063,2002,2075
2032,2028,2033,2045,2083,2059,2024,2080
2038,2051,2045,2074,2123,2065,2041,2078
2041,2043,2049,2081,2143,2044,2050,2079
2041,2043,2046,2080,2130,2015,2026,2078
2045,2055,2050,2058,2088,1988,2017,2078
2035,2046,2046,2036,2057,1980,2048,2074
2039,2045,2039,2018,2045,2004,2060,2081
2036,2038,2034,2006,2004,2017,2042,2072
2032,2038,2031,2006,2012,2044,2037,2068
2036,2042,2043,2034,2080,2091,2047,2065
2036,2045,2051,2053,2060,2096,2062,2055
2029,2042,2047,2042,1959,2085,2045,2060
2030,2045,2052,2035,1974,2087,2060,2064
2037,2053,2048,2051,2038,2094,2070,2067
2033,2058,2054,2056,2050,2108,2052,2067
2029,2045,2045,2044,2050,2091,2046,2052
2024,2038,2040,2039,2060,2080,2016,2048
2027,2052,2054,2061,2106,2085,2049,2057
2040,2062,2059,2079,2174,2086,2001,2067
2043,2061,2061,2079,2164,2072,2015,2070
2050,2057,2056,2066,2091,2053,2015,2071
2040,2050,2044,2044,1973,2005,2022,2082
2045,2048,2034,2032,1868,1987,2026,2073
2036,2037,2027,2022,1857,1992,2016,2065
2025,2026,2021,2029,1981,2007,2014,2066
2018,2032,2027,2051,2011,2027,2009,2067
2033,2041,2039,2066,2084,2058,2028,2079
2046,2048,2050,2099,2181,2068,2041,2090
2042,2057,2049,2087,2203,2051,2036,2082
2042,2050,2038,2078,2197,2051,2073,2078
2038,2034,2032,2057,2183,2082,2079,2077
2036,2024,2030,2059,2161,2068,2061,2070
2031,2019,2026,2051,2149,2023,2024,2064
2019,2019,2026,2048,2097,1997,2015,2062
2022,2016,2033,2046,2054,1990,2028,2059
2017,2025,2025,2027,1929,1976,2013,2056
2026,2027,2027,2018,1886,1996,2019,2051
2025,2024,2032,2038,1973,2016,2016,2055
2027,2031,2040,2052,1991,2028,2024,2067
2029,2033,2041,2054,1998,2029,2043,2072
2042,2038,2051,2046,1933,2022,2048,2077
2038,2038,2047,2050,1943,2035,2022,2078
2039,2044,2059,2066,1965,2038,2052,2074
2043,2052,2063,2063,1966,2044,2049,2062
2036,2059,2069,2056,2000,2032,2026,2062
2044,2072,2073,2068,2070,2024,2042,2070
2055,2075,2080,2082,2129,2029,2051,2078
2058,2068,2076,2083,2145,2053,2043,2078
2054,2055,2057,2060,2098,2064,2059,2070
2051,2058,2059,2049,2058,2078,2040,2078
2053,2054,2053,2042,2034,2071,2044,2080
2050,2044,2050,2057,2127,2088,2040,2080
2043,2046,2040,2074,2179,2108,2058,2077
2043,2049,2046,2065,2144,2102,2060,2078
2040,2041,2049,2060,2104,2085,2043,2072
2045,2044,2043,2056,2095,2085,2033,2078
2046,2045,2048,2061,2096,2077,2055,2079
2046,2049,2049,2064,2093,2082,2062,2086
2048,2050,2053,2053,2094,2079,2054,2085
2042,2044,2051,2041,2047,2055,2064,2086
2039,2041,2046,2027,1972,2031,2034,2088
2041,2035,2042,2024,1978,1997,2045,2088
2042,2036,2044,2032,2028,1994,2033,2100
2046,2042,2043,2041,2053,2021,2036,2094
2048,2029,2041,2045,2043,2046,2050,2096
2044,2039,2046,2054,2016,2084,2064,2097
2054,2056,2054,2062,2012,2115,2053,2092
2039,2046,2042,2050,2032,2126,2044,2088
2030,2036,2037,2048,2040,2097,2024,2072
2024,2027,2028,2028,2028,2049,2007,2064
2015,2010,2025,2032,2056,2039,2028,2067
2024,2007,2026,2058,2129,2055,2041,2072
2020,2012,2028,2096,2221,2076,2042,2078
2020,2027,2034,2102,2187,2079,2015,2075
2029,2049,2052,2097,2127,2066,2030,2070
2039,2062,2049,2095,2074,2069,2056,2088
2044,2060,2046,2081,2030,2062,2044,2086
2047,2050,2037,2054,1999,2048,2038,2084
2045,2046,2028,2048,2029,2046,2039,2072
2035,2042,2016,2046,2064,2043,2013,2059
2032,2019,2001,2041,2059,2035,2001,2061
2027,2016,1998,2037,2058,2045,2002,2069
2033,2039,2011,2050,2049,2050,2044,2068
2044,2040,2016,2048,2058,2051,2042,2071
2040,2041,2012,2042,2059,2050,2024,2071
2046,2041,2005,2039,2062,2049,2024,2072
2044,2045,2007,2029,2060,2057,2024,2075
2051,2033,2007,2022,2052,2058,2024,2075
2040,2021,1998,2008,2046,2054,2036,2076
2028,2016,1994,2008,2048,2061,2033,2082
2036,2020,2002,2012,2045,2059,2022,2084
2031,2027,2006,2012,2050,2058,2024,2083
2036,2037,2025,2029,2055,2077,2026,2098
2042,2052,2043,2035,2058,2094,2027,2100
2051,2051,2057,2032,2051,2100,2036,2107
2050,2047,2081,2037,2042,2108,2026,2100
2035,2034,2086,2031,2036,2078,2007,2096
2038,2035,2093,2039,2046,2031,2008,2096
2046,2050,2099,2046,2072,2021,2029,2098
2041,2057,2102,2044,2071,2026,2024,2094
2047,2066,2102,2055,2072,2046,2033,2097
2049,2060,2098,2055,2070,2058,2032,2100
2052,2052,2085,2052,2080,2062,2041,2103
2057,2053,2081,2049,2070,2074,2043,2097
2044,2045,2072,2046,2072,2070,2056,2093
2046,2040,2064,2048,2072,2065,2050,2089
2036,2040,2056,2055,2059,2055,2032,2087
2035,2045,2068,2056,2064,2053,2015,2083
2036,2045,2078,2068,2075,2068,2022,2084
2034,2048,2082,2073,2083,2075,2038,2074
2044,2056,2088,2070,2077,2072,2030,2078
2036,2050,2082,2075,2071,2061,2015,2074
2031,2040,2071,2076,2066,2053,2024,2074
2033,2039,2077,2085,2064,2053,2041,2080
2045,2050,2085,2086,2067,2050,2020,2075
2050,2049,2077,2089,2072,2046,2029,2084
2046,2044,2081,2084,2071,2055,2025,2083
2052,2046,2080,2091,2075,2068,2030,2095
2046,2054,2075,2088,2078,2073,2029,2088
2050,2053,2071,2080,2076,2070,2051,2092
2048,2053,2054,2072,2069,2060,2031,2097
2055,2049,2046,2068,2069,2054,2035,2101
2043,2043,2043,2054,2064,2049,2025,2103
2049,2040,2027,2035,2056,2044,2014,2097
2040,2033,2025,2022,2052,2035,2016,2101
2045,2043,2026,2019,2056,2029,2020,2103
2049,2044,2032,2019,2058,2034,2013,2104
2042,2045,2032,2019,2060,2029,2010,2106
2036,2029,2019,2010,2060,2022,2007,2112
2037,2024,2014,2014,2064,2035,2005,2115
2041,2038,2024,2023,2058,2036,2008,2119
2042,2034,2017,2021,2053,2035,1988,2110
2036,2035,2025,2020,2050,2036,1988,2105
2038,2035,2036,2034,2063,2041,1996,2110
2040,2044,2040,2051,2076,2040,2012,2103
2046,2048,2051,2052,2075,2046,2016,2110
2037,2054,2053,2053,2081,2050,2028,2116
2045,2054,2056,2051,2089,2056,2042,2118
2045,2058,2054,2051,2079,2065,2038,2108
2046,2056,2051,2054,2079,2080,2068,2103
2039,2050,2053,2048,2085,2089,2061,2108
2042,2054,2063,2048,2089,2088,2073,2106
2047,2052,2063,2052,2084,2086,2067,2102
2049,2057,2051,2044,2069,2060,2059,2098
2037,2041,2048,2034,2045,2041,2047,2099
2034,2040,2044,2032,2026,2045,2069,2117
2043,2059,2055,2036,2030,2091,2071,2109
2047,2059,2049,2037,2026,2116,2066,2104
2028,2038,2039,2028,2003,2102,2047,2092
2025,2035,2032,2022,2006,2108,2049,2097
2033,2043,2041,2036,2019,2099,2047,2103
2033,2042,2044,2040,2009,2037,2025,2107
2042,2044,2051,2055,2049,2010,2021,2115
2042,2052,2053,2070,2090,2054,2015,2121
2039,2054,2051,2081,2130,2104,2064,2115
2040,2053,2053,2088,2175,2136,2060,2106
2040,2052,2048,2087,2195,2129,2042,2118
2042,2048,2044,2079,2198,2114,2014,2116
2036,2046,2034,2061,2164,2087,2012,2116
2026,2037,2022,2030,2094,2056,2008,2099
2023,2015,2007,2010,2041,2038,2000,2104
2017,2017,2013,2016,2004,2044,2009,2106
2024,2031,2024,2023,1927,2043,2010,2098
2021,2027,2024,2032,1940,2057,2017,2102
2023,2023,2027,2047,2015,2080,2018,2102
2029,2031,2027,2064,2084,2092,2031,2102
2032,2030,2020,2075,2133,2102,2015,2102
2034,2025,2022,2077,2156,2094,2021,2105
2026,2021,2024,2068,2135,2085,2017,2102
2035,2030,2035,2066,2131,2085,2021,2099
2040,2032,2044,2058,2125,2079,2027,2096
2040,2035,2053,2040,2005,2036,2019,2093
2038,2045,2061,2036,1985,2017,2038,2095
2043,2058,2076,2062,2065,2019,2024,2097
2047,2062,2070,2051,2067,2006,2018,2093
2047,2062,2059,2045,2059,2013,2014,2099
2047,2044,2048,2043,2056,2033,2041,2095
2048,2052,2057,2044,2038,2052,2053,2106
2059,2064,2067,2050,2024,2056,2041,2100
2060,2064,2066,2049,2016,2047,2028,2102
2064,2061,2056,2041,1991,2044,2030,2103
2056,2052,2055,2037,1982,2044,2029,2102
2051,2054,2051,2048,2008,2042,2027,2098
2044,2048,2047,2056,2030,2041,2018,2096
2042,2039,2042,2052,2082,2053,2026,2107
2040,2041,2042,2071,2161,2084,2048,2107
2041,2042,2048,2076,2175,2090,2038,2106
2044,2036,2039,2066,2110,2080,2037,2110
2038,2036,2045,2058,2084,2070,2035,2108
2037,2034,2047,2068,2099,2071,2032,2110
2043,2039,2049,2062,2110,2073,2039,2115
2036,2037,2047,2056,2098,2055,2032,2106
2027,2020,2036,2031,2037,2031,2033,2105
2032,2027,2038,2027,1945,2031,2048,2110
2040,2039,2047,2018,1894,2026,2040,2103
2031,2038,2045,2019,1983,2043,2016,2107
2040,2040,2047,2050,2099,2071,2046,2108
2037,2044,2050,2073,2157,2092,2031,2116
2052,2051,2046,2086,2164,2100,2030,2117
2060,2046,2042,2070,2092,2095,2050,2111
2049,2051,2036,2064,2061,2086,2044,2112
2046,2047,2040,2068,2095,2079,2046,2104
2047,2040,2044,2070,2126,2079,2046,2113
2047,2042,2044,2082,2146,2089,2062,2107
2042,2041,2051,2097,2128,2081,2055,2106
2035,2029,2048,2097,2109,2074,2026,2086
2025,2016,2036,2093,2105,2056,2009,2072
2012,2001,2030,2081,2103,2033,2010,2068
2009,1987,2021,2088,2097,2034,2013,2071
2023,2009,2035,2084,2097,2052,2020,2083
2034,2027,2047,2081,2060,2050,2016,2091
2037,2040,2057,2072,2019,2036,2022,2096
2044,2046,2059,2072,2041,2040,2025,2099
2050,2043,2048,2072,2068,2046,2024,2100
2044,2035,2024,2054,2059,2045,2028,2110
2038,2026,2001,2034,2064,2038,2012,2111
2030,2017,2006,2033,2071,2024,2004,2116
2042,2030,2032,2053,2091,2036,1995,2118
2044,2040,2056,2069,2135,2048,2001,2115
2040,2045,2054,2066,2172,2068,2016,2120
2042,2038,2045,2050,2156,2071,2028,2121
2044,2037,2051,2049,2143,2061,2023,2124
2037,2037,2042,2052,2138,2039,2014,2124
2044,2040,2046,2057,2103,2025,2038,2124
2042,2033,2037,2044,2085,2040,2050,2130
2048,2040,2046,2037,2002,2058,2062,2132
2049,2054,2065,2046,2039,2128,2060,2134
2058,2064,2072,2057,2100,2169,2071,2129
2061,2070,2068,2042,2062,2141,2050,2135
2051,2064,2066,2031,2009,2093,2050,2120
2054,2065,2067,2017,1998,2040,2042,2111
2051,2064,2065,2016,2025,1969,2028,2119
2054,2060,2064,2021,2084,1967,2026,2126
2049,2059,2053,2014,2090,2007,2043,2123
2045,2053,2045,2008,2081,2053,2039,2118
2045,2056,2041,2007,2074,2090,2041,2107
2047,2061,2041,2012,2068,2100,2057,2102
2047,2053,2041,2016,2065,2107,2036,2095
2044,2054,2038,2024,2058,2113,2015,2092
2046,2051,2032,2036,2074,2091,2037,2103
2032,2049,2029,2046,2076,2065,2058,2110
2036,2039,2033,2056,2082,2093,2052,2113
2044,2052,2041,2060,2081,2074,2052,2116
2046,2050,2036,2064,2074,2022,2051,2105
2052,2047,2039,2057,2074,2011,2045,2102
2056,2054,2049,2062,2070,2025,2031,2108
2057,2056,2049,2059,2052,2038,2018,2109
2056,2049,2053,2063,2048,2047,2017,2107
2055,2052,2057,2062,2045,2045,2011,2114
2054,2052,2063,2072,2043,2060,2032,2119
2051,2048,2065,2074,2064,2075,2032,2118
2045,2043,2061,2072,2065,2063,2036,2112
2044,2042,2052,2076,2050,2045,2028,2116
2042,2042,2052,2065,2054,2044,2012,2132
2041,2038,2055,2062,2070,2047,2006,2126
2036,2035,2049,2057,2088,2033,2013,2122
2024,2022,2039,2036,2094,2024,2014,2118
2025,2032,2041,2040,2104,2040,2032,2124
2033,2048,2066,2055,2104,2052,2034,2126
2045,2052,2064,2055,2093,2053,2037,2127
2052,2055,2056,2050,2086,2051,2039,2121
2046,2050,2040,2049,2079,2047,2041,2124
2052,2054,2048,2052,2064,2042,2044,2123
2052,2055,2045,2049,2050,2035,2043,2121
2051,2052,2034,2057,2054,2035,2034,2122
2049,2046,2029,2056,2062,2050,2045,2121
2043,2039,2027,2060,2080,2053,2045,2118
2042,2038,2031,2059,2090,2051,2042,2117
2048,2040,2034,2055,2081,2058,2038,2111
2043,2044,2036,2038,2082,2058,2017,2106
2040,2046,2044,2036,2076,2058,2004,2104
2046,2054,2056,2041,2080,2056,2004,2085
2044,2044,2045,2028,2076,2052,2022,2093
2029,2038,2026,2024,2079,2046,2030,2094
2041,2046,2025,2024,2075,2053,2032,2101
2044,2044,2024,2022,2073,2046,2042,2103
2038,2040,2026,2031,2072,2051,2052,2112
2046,2044,2041,2034,2077,2059,2030,2111
2046,2048,2047,2044,2078,2058,2044,2114
2051,2043,2052,2051,2080,2055,2036,2117
2047,2053,2057,2056,2072,2051,2035,2114
2046,2054,2053,2054,2071,2045,2033,2117
2045,2046,2037,2044,2048,2032,2028,2113
2041,2038,2028,2036,2044,2030,2003,2119
2043,2040,2018,2041,2059,2044,2022,2128
2045,2039,2014,2038,2061,2060,2028,2129
2045,2034,2014,2048,2050,2055,2025,2133
2047,2040,2014,2049,2033,2046,2036,2125
2042,2028,2010,2040,2010,2029,2020,2125
2042,2026,2007,2029,2007,2017,2028,2131
2047,2039,2017,2037,2021,2039,2033,2128
2053,2045,2034,2058,2055,2062,2040,2133
2056,2066,2059,2096,2108,2076,2046,2130
2055,2067,2055,2094,2114,2066,2042,2128
2051,2059,2057,2084,2104,2061,2022,2123
2052,2062,2074,2081,2117,2066,2035,2121
2052,2071,2079,2085,2123,2067,2044,2128
2057,2075,2092,2088,2114,2071,2044,2119
2058,2076,2106,2092,2092,2068,2034,2118
2054,2070,2109,2091,2087,2063,2026,2114
2055,2065,2109,2087,2085,2066,2038,2110
2049,2059,2100,2082,2078,2057,2037,2112
2051,2050,2080,2062,2072,2054,2056,2107
2043,2042,2052,2052,2070,2047,2051,2100
2034,2024,2024,2033,2052,2034,2032,2093
2030,2016,2009,2035,2052,2033,2022,2088
2034,2024,2004,2051,2057,2035,2010,2090
2037,2024,2011,2064,2068,2039,2012,2093
2038,2021,2030,2083,2058,2044,2031,2097
2041,2021,2038,2094,2092,2051,2047,2102
2037,2023,2040,2096,2120,2061,2036,2109
2037,2020,2034,2099,2131,2056,2009,2113
2037,2016,2030,2104,2124,2060,2016,2116
2042,2014,2038,2106,2116,2060,2033,2115
2042,2023,2042,2104,2112,2071,2039,2121
2049,2033,2042,2100,2093,2075,2034,2115
2042,2033,2035,2091,2047,2066,2027,2112
2044,2029,2032,2071,1953,2049,2024,2121
2039,2028,2020,2064,1960,2046,2014,2116
2037,2024,2021,2063,2000,2050,2025,2113
2037,2024,2024,2036,2010,2039,2022,2114
2029,2021,2038,2025,2025,2041,2012,2116
2030,2045,2071,2016,2055,2052,2030,2122
2044,2066,2079,2019,2056,2053,2035,2132
2061,2069,2073,2002,2053,2050,2046,2134
2064,2078,2061,2013,2061,2062,2045,2139
2077,2086,2060,2026,2068,2067,2048,2131
2076,2088,2061,2040,2066,2062,2053,2138
2072,2085,2058,2034,2056,2056,2038,2130
2060,2075,2061,2036,2064,2057,2031,2125
2059,2081,2072,2048,2075,2060,2049,2115
2057,2085,2084,2063,2072,2065,2055,2115
2063,2077,2083,2052,2041,2059,2064,2107
2053,2069,2075,2032,1983,2059,2050,2108
2056,2068,2073,2017,1969,2057,2053,2105
2052,2058,2067,2018,2014,2061,2039,2094
2048,2055,2059,2029,2009,2047,2034,2092
2038,2033,2047,2028,1986,2019,2016,2084
2033,2035,2047,2028,1985,2025,2027,2090
2044,2048,2049,2042,2020,2048,2045,2105
2051,2051,2050,2049,2012,2046,2041,2096
2042,2040,2033,2035,2012,2038,2031,2098
2047,2039,2042,2068,2082,2057,2053,2106
2055,2050,2058,2103,2104,2065,2046,2111
2057,2055,2066,2100,2090,2060,2029,2115
2054,2051,2050,2085,2087,2065,2017,2115
2053,2050,2038,2073,2083,2059,2032,2110
2052,2044,2033,2067,2062,2059,2019,2109
2040,2033,2026,2055,2065,2063,2019,2105
2048,2033,2015,2047,2080,2071,2046,2107
2056,2045,2025,2057,2072,2080,2021,2114
2057,2048,2029,2062,2062,2075,2034,2104
2049,2038,2024,2058,2042,2061,2035,2101
2031,2034,2026,2050,2054,2064,2020,2100
2033,2049,2055,2063,2100,2084,2031,2101
2030,2062,2081,2077,2141,2075,2043,2108
2038,2068,2087,2066,2156,2055,2048,2111
2041,2061,2070,2040,2067,2027,2024,2103
2041,2056,2057,2028,2022,2027,2036,2110
2040,2054,2050,2034,2039,2029,2026,2109
2044,2052,2047,2037,2052,2025,2038,2101
2047,2054,2040,2040,2073,2031,2032,2099
2049,2049,2033,2048,2086,2045,2016,2101
2056,2047,2043,2065,2098,2048,2027,2097
2050,2044,2046,2070,2093,2044,2037,2088
2047,2046,2049,2062,2080,2050,2035,2090
2050,2044,2044,2055,2074,2052,2033,2087
2047,2054,2054,2052,2068,2055,2040,2088
2039,2044,2049,2054,2046,2047,2038,2079
2042,2038,2050,2058,2025,2046,2036,2084
2047,2053,2049,2067,2029,2051,2049,2078
2047,2054,2036,2071,2055,2068,2026,2085
2049,2059,2052,2092,2122,2100,2031,2089
2056,2062,2053,2116,2176,2103,2036,2095
2060,2059,2044,2118,2208,2120,2037,2096
2064,2065,2041,2116,2223,2147,2067,2108
2064,2069,2037,2095,2179,2143,2062,2102
2056,2055,2024,2062,2105,2106,2050,2097
2045,2039,2002,2020,2029,2046,2047,2093
2043,2031,1986,1995,1993,1995,2027,2087
2038,2034,2002,1987,1953,1979,2022,2099
2049,2055,2039,2022,2002,1998,2017,2110
2057,2068,2055,2050,2071,2029,2035,2114
2059,2064,2072,2046,2121,2045,2018,2110
2050,2053,2076,2042,2132,2047,2012,2103
2042,2044,2048,2024,2123,2044,2032,2104
2047,2044,2037,2025,2095,2042,2036,2103
2046,2052,2064,2043,2071,2047,2058,2095
2051,2062,2087,2078,2057,2057,2046,2106
2056,2051,2067,2088,1964,2054,2056,2113
2063,2048,2045,2090,1935,2054,2051,2114
2066,2049,2049,2119,2030,2064,2055,2113
2058,2046,2044,2118,2075,2057,2044,2107
2063,2039,2036,2126,2139,2071,2046,2091
2065,2039,2056,2140,2183,2099,2048,2082
2056,2043,2077,2142,2131,2081,2050,2070
2045,2037,2103,2132,2066,2065,2040,2056
2044,2043,2100,2104,1979,2066,2026,2049
2036,2036,2100,2082,1903,2068,2007,2040
2031,2040,2085,2067,1864,2061,1986,2030
2029,2024,2061,2066,1882,2093,1998,2028
2023,2006,2037,2046,1899,2104,1995,2032
2025,2016,2021,2023,1908,2021,2006,2045
2033,2033,2036,2040,1981,1893,2008,2074
2046,2059,2078,2067,2074,1885,2024,2089
2060,2072,2093,2068,2103,1949,2047,2093
2061,2075,2113,2067,2120,2026,2049,2086
2062,2079,2121,2067,2129,2061,2046,2085
2057,2071,2088,2056,2115,2070,2044,2088
2054,2065,2077,2035,2071,2066,2035,2089
2049,2067,2071,2030,2043,2061,2038,2096
2065,2082,2087,2048,2052,2066,2051,2105
2067,2092,2094,2054,2064,2070,2038,2108
2071,2083,2090,2056,2072,2069,2049,2116
2076,2082,2076,2056,2069,2066,2045,2116
2073,2078,2068,2058,2038,2036,2032,2104
2063,2059,2041,2042,2024,2022,2034,2103
2057,2053,2033,2051,2052,2037,2052,2108
2064,2064,2028,2047,2076,2046,2058,2099
2066,2053,2014,2055,2100,2055,2072,2097
2060,2048,1998,2037,2089,2056,2069,2093
2060,2037,1992,2035,2091,2056,2066,2093
2055,2037,1990,2040,2085,2060,2076,2089
2052,2042,2007,2062,2097,2062,2079,2081
2049,2037,2019,2083,2103,2061,2057,2076
2055,2042,2044,2102,2114,2068,2050,2080
2058,2039,2042,2109,2112,2070,2032,2079
2051,2033,2047,2114,2106,2059,2033,2067
2053,2022,2035,2113,2093,2044,2045,2064
2050,2023,2035,2132,2077,2031,2043,2057
2047,2029,2053,2151,2051,2023,2029,2058
2043,2029,2065,2134,2032,2007,2005,2044
2026,2016,2051,2133,2041,2022,2035,2040
2027,2018,2043,2134,2047,2036,2028,2044
2040,2028,2056,2138,2036,2035,2038,2056
2047,2056,2087,2143,2023,2044,2037,2059
2064,2085,2117,2147,2033,2046,2047,2067
2069,2104,2116,2120,2027,2038,2042,2067
2057,2082,2087,2059,1997,2021,2029,2065
2049,2066,2077,2024,1994,2021,2035,2070
2052,2072,2095,2029,2033,2029,2040,2077
2063,2081,2093,1993,2052,2028,2041,2077
2059,2073,2079,1957,2034,2027,2051,2081
2058,2068,2090,1928,2023,2035,2058,2091
2064,2070,2114,1926,2014,2035,2056,2096
2062,2069,2112,1947,2016,2039,2061,2098
2067,2066,2096,1966,2026,2042,2053,2103
2071,2065,2085,1977,2025,2036,2044,2096
2066,2052,2075,2001,2033,2023,2028,2103
2070,2066,2083,2017,2047,2030,2058,2101
2075,2066,2075,2015,2058,2033,2053,2093
2078,2065,2062,2016,2057,2045,2057,2089
2076,2059,2044,2025,2070,2058,2056,2087
2075,2058,2015,2034,2083,2056,2073,2090
2083,2046,1999,2058,2072,2043,2061,2089
2075,2036,1982,2086,2068,2039,2059,2075
2070,2035,2009,2109,2076,2046,2049,2071
2070,2036,2031,2122,2071,2051,2046,2077
2071,2033,2035,2125,2079,2050,2050,2072
2080,2041,2032,2125,2079,2051,2054,2061
2073,2034,2027,2116,2078,2051,2046,2046
2068,2032,2020,2106,2073,2048,2055,2048
2059,2029,2010,2105,2077,2050,2057,2045
2040,2016,2000,2107,2077,2049,2041,2039
2035,2013,1998,2108,2085,2053,2045,2041
2038,2036,2019,2100,2087,2047,2055,2046
2047,2041,2034,2072,2062,2047,2059,2051
2060,2050,2067,2049,2065,2037,2061,2055
2057,2054,2098,2013,2046,2026,2035,2051
2043,2044,2093,1977,2029,2018,2036,2054
2036,2042,2092,1955,2011,2011,2029,2056
2041,2045,2092,1954,2019,2014,2048,2062
2054,2049,2073,1957,2030,2026,2047,2075
2062,2060,2069,1977,2045,2027,2060,2082
2067,2063,2072,2006,2037,2021,2033,2090
2071,2071,2085,2023,2039,2021,2045,2090
2070,2075,2083,2036,2031,2024,2032,2076
2069,2060,2071,2034,2038,2028,2032,2067
2061,2049,2063,2037,2059,2043,2068,2066
2066,2049,2062,2029,2075,2045,2054,2070
2058,2036,2052,2010,2046,2040,2059,2077
2064,2038,2057,2010,2036,2050,2063,2084
2064,2051,2056,2022,2050,2040,2062,2076
2055,2056,2057,2028,2055,2035,2050,2077
2052,2062,2063,2046,2045,2028,2055,2074
2070,2053,2064,2044,2029,2027,2058,2071
2058,2044,2067,2034,2023,2023,2061,2062
2052,2051,2068,2045,2033,2033,2054,2058
2060,2062,2071,2060,2048,2033,2051,2061
2060,2062,2057,2072,2058,2025,2075,2056
2058,2052,2044,2077,2056,2024,2070,2061
2051,2044,2033,2080,2056,2032,2055,2045
2052,2045,2036,2089,2059,2042,2055,2039
2055,2044,2024,2088,2057,2043,2056,2027
2047,2035,2014,2082,2074,2040,2064,2029
2043,2027,2009,2077,2090,2034,2071,2026
2030,2011,1999,2068,2091,2032,2044,2024
2034,2013,1994,2067,2081,2028,2036,2034
2039,2025,2004,2056,2065,2031,2039,2031
2043,2030,2014,2054,2057,2034,2049,2049
2045,2028,2008,2057,2056,2043,2046,2044
2046,2028,2012,2067,2060,2051,2052,2045
2053,2037,2022,2077,2069,2047,2059,2049
2055,2045,2037,2074,2062,2047,2070,2058
2061,2049,2054,2073,2060,2034,2057,2053
2066,2058,2079,2077,2055,2026,2056,2057
2061,2058,2090,2079,2038,2021,2059,2054
2062,2050,2075,2067,2027,2008,2051,2047
2052,2036,2059,2036,2020,2010,2032,2057
2056,2040,2066,2037,2014,2014,2042,2057
2064,2059,2089,2035,1991,2006,2055,2066
2068,2072,2103,2032,2004,2005,2042,2069
2062,2061,2089,2019,1977,2014,2038,2062
2060,2062,2078,2024,1978,2042,2066,2066
2066,2069,2066,2031,1976,2054,2067,2063
2062,2057,2056,2030,1991,2066,2073,2060
2065,2057,2057,2049,2034,2084,2078,2069
2071,2059,2054,2058,2062,2054,2061,2071
2072,2059,2053,2043,2064,1992,2052,2063
2064,2053,2041,2039,2056,1980,2045,2063
2075,2046,2038,2037,2017,1988,2060,2067
2064,2048,2040,2036,1997,1993,2072,2052
2064,2042,2046,2035,2008,2003,2060,2039
2053,2037,2036,2031,2053,2018,2070,2044
2062,2046,2045,2054,2111,2042,2080,2042
2064,2052,2058,2080,2148,2064,2084,2041
2070,2053,2059,2080,2156,2084,2081,2042
2062,2053,2052,2079,2132,2080,2066,2033
2057,2041,2057,2087,2136,2084,2064,2032
2053,2050,2079,2108,2113,2087,2080,2040
2061,2063,2087,2111,2035,2032,2095,2051
2073,2062,2081,2112,1965,1993,2085,2058
2073,2064,2092,2125,2007,2011,2083,2053
2071,2064,2098,2126,2015,2024,2087,2051
2077,2067,2113,2116,1971,2034,2081,2054
2070,2066,2100,2093,1956,2013,2081,2054
2064,2055,2083,2068,1989,2001,2068,2055
2064,2058,2079,2083,2057,2035,2079,2065
2073,2066,2083,2096,2147,2067,2077,2065
2070,2058,2075,2093,2171,2069,2080,2063
2071,2053,2057,2083,2150,2056,2078,2064
2068,2046,2052,2076,2091,2046,2045,2056
2061,2043,2052,2069,2048,2056,2045,2054
2067,2052,2053,2063,2023,2057,2045,2048
2062,2039,2038,2037,1997,2081,2032,2029
2057,2038,2040,2016,1962,2085,2026,2035
2064,2045,2049,2002,1917,2026,2014,2039
2062,2038,2038,1985,1895,1979,2023,2047
2064,2044,2032,1987,1915,1946,2029,2063
2075,2052,2046,2011,1971,1927,2048,2073
2083,2060,2055,2034,2033,1965,2073,2070
2088,2058,2056,2049,2050,2010,2073,2070
2082,2056,2047,2042,2048,2031,2081,2072
2079,2056,2040,2042,2045,2040,2095,2059
2074,2054,2037,2033,2048,2038,2072,2043
2068,2045,2014,2027,2101,2041,2060,2039
2061,2033,2000,2047,2150,2040,2078,2035
2055,2045,1997,2055,2145,2035,2070,2044
2063,2044,2004,2066,2129,2034,2044,2047
2068,2049,2007,2072,2098,2038,2057,2037
2061,2034,2000,2069,2058,2033,2058,2028
2060,2030,1998,2080,2058,2054,2066,2034
2067,2047,2012,2086,2070,2077,2084,2040
2068,2050,2015,2091,2072,2062,2086,2046
2070,2049,2015,2105,2080,2027,2068,2052
2070,2048,2030,2124,2087,2016,2055,2058
2079,2050,2045,2140,2117,2038,2057,2062
2075,2050,2042,2148,2164,2073,2064,2056
2072,2043,2040,2153,2228,2104,2068,2044
2070,2037,2035,2170,2243,2102,2070,2046
2065,2031,2040,2178,2191,2089,2062,2042
2068,2037,2050,2193,2152,2087,2033,2040
2061,2040,2051,2190,2144,2078,2032,2038
2069,2048,2044,2173,2131,2056,2036,2043
2075,2053,2036,2126,2074,2017,2053,2043
2076,2054,2025,2070,1946,1948,2039,2057
2076,2044,2034,2034,1819,1921,2048,2051
2071,2043,2052,2033,1840,1952,2045,2053
2076,2049,2050,2018,1917,1998,2064,2052
2082,2045,2046,2014,1988,2036,2078,2056
2082,2053,2043,2005,2031,2059,2085,2058
2078,2046,2037,2004,2030,2070,2064,2049
2080,2045,2034,1996,2015,2070,2080,2045
2070,2036,2034,1980,2013,2068,2076,2039
2063,2038,2052,1986,2002,2046,2064,2041
2061,2048,2080,2009,2029,1998,2076,2049
2074,2066,2097,2039,2057,1989,2082,2049
2073,2068,2092,2051,2047,2006,2083,2045
2063,2062,2081,2031,2027,2012,2070,2043
2057,2052,2062,2006,2017,2010,2069,2048
2062,2046,2056,1991,2010,2014,2062,2047
2066,2052,2077,1976,2006,2026,2061,2046
2071,2066,2086,1978,2018,2026,2065,2043
2075,2063,2089,1983,2024,2028,2085,2047
2075,2063,2082,1993,2036,2043,2070,2051
2080,2073,2072,2003,2034,2046,2063,2047
2081,2068,2067,2018,2038,2042,2079,2052
2083,2063,2063,2029,2040,2042,2058,2049
2093,2061,2065,2033,2041,2029,2062,2052
2089,2069,2071,2042,2031,2014,2071,2055
2092,2070,2075,2047,2028,2009,2056,2059
2090,2072,2074,2051,2019,2011,2073,2067
2090,2073,2067,2042,2014,2019,2065,2071
2089,2061,2059,2037,2013,2027,2074,2068
2075,2052,2045,2032,2023,2032,2067,2062
2075,2052,2046,2034,2025,2032,2061,2063
2078,2049,2044,2033,2032,2036,2060,2058
2080,2050,2043,2048,2044,2042,2071,2063
2085,2052,2052,2052,2036,2038,2076,2058
2068,2035,2038,2046,2059,2037,2064,2052
2060,2033,2039,2048,2085,2041,2067,2059
2065,2045,2056,2059,2101,2044,2062,2069
2072,2052,2052,2060,2110,2042,2076,2071
2076,2057,2046,2060,2091,2044,2077,2057
2074,2048,2046,2061,2084,2042,2071,2062
2069,2048,2042,2061,2078,2044,2087,2065
2078,2041,2042,2060,2072,2036,2091,2066
2079,2049,2051,2066,2072,2029,2080,2063
2080,2048,2056,2068,2069,2036,2081,2064
2083,2048,2054,2066,2063,2034,2078,2060
2076,2040,2051,2064,2054,2034,2079,2048
2076,2040,2054,2062,2036,2031,2052,2042
2073,2045,2055,2066,2020,2026,2065,2036
2078,2048,2054,2066,2021,2025,2077,2042
2076,2048,2048,2068,2026,2023,2075,2042
2080,2038,2043,2055,2026,2011,2059,2029
2076,2039,2031,2050,2010,2000,2042,2022
2068,2044,2030,2041,1993,1997,2047,2032
2077,2044,2038,2038,1983,1989,2061,2031
2064,2039,2026,2019,1974,1985,2050,2031
2058,2034,2011,2001,1975,2001,2042,2035
2064,2041,2023,2026,2014,2026,2061,2048
2077,2051,2037,2051,2051,2038,2067,2062
2078,2052,2051,2063,2088,2060,2080,2059
2082,2065,2067,2076,2107,2074,2081,2067
2090,2070,2060,2080,2104,2073,2102,2073
2098,2072,2060,2080,2089,2062,2091,2082
2103,2070,2058,2071,2047,2065,2085,2087
2099,2070,2053,2072,2069,2067,2066,2084
2098,2063,2053,2075,2092,2065,2084,2075
2092,2054,2044,2073,2111,2064,2086,2068
2091,2048,2046,2065,2133,2060,2065,2067
2075,2032,2031,2043,2132,2058,2067,2071
2073,2035,2035,2051,2137,2067,2068,2071
2083,2050,2045,2060,2138,2056,2076,2076
2089,2047,2043,2045,2093,2014,2068,2067
2086,2051,2034,2032,2043,1978,2074,2060
2087,2045,2035,2041,2063,1993,2071,2067
2084,2050,2036,2051,2038,2009,2090,2062
2092,2049,2044,2036,1916,2010,2082,2068
2086,2044,2043,2037,1911,2033,2072,2063
2084,2049,2041,2048,1973,2053,2086,2057
2088,2044,2038,2054,2006,2054,2079,2060
2080,2038,2032,2056,2028,2057,2077,2046
2080,2035,2031,2056,2032,2055,2066,2052
2073,2033,2033,2054,2050,2046,2072,2046
2077,2036,2037,2050,2052,2056,2069,2034
2069,2037,2038,2048,2051,2071,2069,2038
2067,2030,2027,2039,2053,2068,2065,2028
2061,2017,2024,2042,2088,2057,2065,2028
2066,2023,2029,2052,2107,2046,2078,2043
2069,2033,2034,2047,2110,1996,2063,2051
2082,2044,2040,2057,2114,1963,2074,2060
2086,2052,2041,2065,2122,1970,2069,2061
2091,2058,2044,2058,2126,1983,2062,2065
2089,2060,2040,2050,2120,1999,2068,2057
2088,2060,2032,2052,2118,2033,2069,2065
2080,2059,2034,2043,2019,2021,2066,2064
2079,2047,2031,2036,1922,2010,2045,2064
2076,2047,2032,2039,1954,2003,2064,2068
2082,2052,2045,2049,1994,2008,2056,2068
2086,2057,2042,2052,2006,1992,2066,2073
2080,2055,2041,2049,2012,1990,2056,2074
2079,2050,2039,2054,2020,1994,2064,2071
2077,2048,2038,2044,2016,1985,2053,2056
2066,2036,2032,2046,2004,1976,2042,2059
2068,2037,2041,2055,2003,1975,2037,2067
2074,2052,2062,2059,2006,1980,2055,2074
2084,2056,2063,2062,2021,1980,2061,2071
2082,2064,2063,2063,2027,1993,2064,2069
2081,2059,2061,2063,2024,1997,2074,2070
2078,2054,2058,2065,2037,2009,2057,2070
2079,2053,2061,2069,2054,2018,2069,2063
2085,2060,2060,2072,2058,2022,2070,2056
2079,2057,2056,2078,2070,2031,2078,2060
2080,2059,2062,2074,2085,2044,2084,2061
2077,2058,2056,2076,2095,2071,2086,2048
2074,2048,2050,2075,2087,2092,2078,2049
2068,2046,2044,2070,2089,2066,2064,2047
2073,2052,2036,2060,2090,2036,2057,2050
2072,2049,2034,2050,2094,2012,2054,2050
2070,2054,2036,2043,2093,2009,2036,2046
2076,2046,2029,2045,2091,2002,2024,2046
2075,2046,2038,2054,2090,2003,2028,2051
2076,2055,2046,2058,2084,2016,2056,2052
2079,2052,2049,2057,2070,2032,2054,2056
2079,2052,2043,2055,2060,2029,2055,2060
2074,2051,2040,2041,2042,2024,2052,2056
2071,2045,2029,2030,1987,2024,2050,2060
2075,2043,2024,2023,1969,2024,2055,2072
2077,2043,2030,2022,1996,2046,2056,2069
2078,2054,2046,2031,2013,2056,2061,2062
2081,2062,2056,2039,2016,2058,2062,2062
2078,2061,2053,2038,2017,2067,2065,2058
2079,2055,2057,2046,2015,2063,2042,2070
2078,2051,2050,2047,2022,2025,2033,2073
2077,2047,2052,2070,2034,2004,2037,2071
2077,2050,2048,2090,2039,1997,2045,2062
2074,2035,2041,2097,2046,1988,2022,2062
2062,2030,2042,2095,2048,2009,2036,2071
2078,2048,2068,2102,2065,2037,2060,2091
2079,2052,2061,2100,2072,2048,2063,2088
2083,2051,2065,2094,2078,2063,2084,2085
2082,2052,2062,2083,2080,2084,2072,2083
2075,2044,2057,2080,2065,2097,2080,2073
2064,2039,2043,2060,2068,2123,2099,2072
2070,2034,2019,2048,2052,2135,2083,2072
2071,2030,2014,2038,2029,2121,2082,2074
2073,2036,2026,2038,2001,2074,2097,2072
2071,2029,2026,2030,1970,2006,2051,2065
2069,2024,2012,2019,1966,1999,2045,2052
2063,2020,2007,2023,1980,2010,2036,2045
2071,2022,1999,2016,1962,1996,2041,2037
2070,2028,2011,2013,1941,1995,2037,2049
2069,2034,2015,2014,1929,2005,2034,2041
2073,2035,2002,2002,1909,2024,2018,2036
2066,2033,1983,2006,1903,2036,2030,2041
2073,2043,1982,2018,1934,2048,2040,2042
2072,2041,1984,2018,1958,2041,2030,2042
2073,2037,2002,2032,2038,2021,2042,2054
2073,2042,2025,2053,2124,2013,2056,2062
2078,2042,2034,2056,2148,2016,2065,2062
2077,2044,2030,2029,2108,2011,2058,2066
2068,2040,2026,2008,2102,2008,2047,2068
2071,2048,2052,2017,2117,2015,2026,2078
2073,2063,2086,2033,2123,2029,2056,2084
2084,2065,2094,2029,2092,2027,2065,2086
2075,2068,2093,2024,2058,2019,2070,2084
2075,2059,2089,2020,2054,2005,2076,2084
2072,2042,2077,2011,2061,1991,2062,2083
2070,2043,2072,2018,2055,1994,2049,2082
2070,2053,2090,2026,2037,2003,2034,2072
2059,2035,2082,2020,2033,2018,2033,2071
2065,2045,2092,2048,2061,2044,2056,2078
2074,2075,2116,2082,2093,2058,2059,2090
2071,2076,2110,2077,2089,2058,2059,2088
2070,2070,2095,2068,2068,2055,2047,2086
2072,2074,2093,2053,2038,2047,2038,2079
2077,2070,2102,2053,2022,2041,2040,2077
2076,2072,2112,2060,2015,2046,2048,2074
2070,2064,2106,2058,2037,2051,2039,2074
2066,2059,2098,2064,2065,2048,2040,2069
2070,2056,2093,2068,2074,2048,2044,2067
2066,2053,2084,2062,2056,2040,2066,2073
2069,2050,2081,2057,2044,2031,2059,2066
2066,2046,2078,2062,2048,2022,2065,2057
2062,2041,2087,2057,2053,2019,2065,2057
2057,2043,2090,2058,2066,2023,2045,2050
2058,2045,2075,2058,2082,2028,2052,2046
2058,2044,2066,2069,2100,2032,2049,2048
2064,2051,2068,2068,2105,2041,2058,2053
2067,2051,2063,2053,2105,2046,2056,2052
2061,2055,2058,2045,2103,2045,2059,2055
2062,2052,2053,2038,2075,2039,2073,2059
2065,2054,2048,2020,1955,2030,2060,2060
2067,2050,2045,2009,1922,2029,2065,2068
2065,2050,2040,2019,1979,2028,2054,2075
2066,2051,2062,2022,1996,2029,2062,2077
2067,2050,2067,2038,2012,2034,2073,2076
2065,2056,2069,2037,1998,2059,2049,2069
2065,2052,2070,2037,1985,2077,2050,2065
2064,2046,2061,2036,2002,2078,2058,2074
2056,2046,2061,2040,2029,2084,2044,2072
2055,2043,2059,2033,2045,2049,2039,2076
2061,2046,2060,2047,2129,2010,2053,2095
2069,2041,2064,2062,2189,2030,2035,2101
2067,2047,2072,2083,2209,2056,2044,2100
2078,2059,2077,2080,2217,2081,2056,2103
2078,2050,2069,2061,2139,2043,2054,2097
2068,2038,2058,2047,2030,1993,2050,2080
2058,2039,2059,2049,2001,1993,2043,2065
2051,2039,2065,2064,2017,2014,2071,2060
2054,2042,2067,2059,2007,2017,2049,2054
2055,2039,2057,2070,2057,2030,2043,2056
2044,2039,2052,2074,2082,2043,2040,2059
2048,2026,2056,2080,2089,2043,2038,2056
2046,2027,2060,2088,2089,2043,2046,2051
2047,2037,2062,2084,2083,2049,2037,2046
2046,2041,2063,2082,2062,2049,2047,2050
2050,2044,2067,2075,2042,2050,2049,2053
2047,2047,2064,2071,2027,2042,2061,2047
2051,2043,2053,2060,2018,2034,2052,2043
2044,2031,2040,2042,2008,2027,2050,2040
2038,2025,2034,2032,2004,2022,2058,2049
2052,2041,2045,2034,2040,2028,2031,2041
2049,2047,2049,2038,2097,2035,2038,2043
2041,2040,2037,2027,2125,2030,2061,2049
2036,2035,2035,2020,2110,2022,2068,2043
2036,2033,2036,2023,2099,2011,2068,2052
2038,2034,2043,2027,2082,2003,2074,2057
2041,2030,2047,2021,2088,2016,2069,2061
2044,2041,2061,2040,2072,2021,2079,2068
2047,2050,2072,2046,2024,2013,2072,2075
2044,2047,2067,2040,1921,1997,2061,2063
2047,2044,2054,2023,1839,1990,2038,2069
2042,2034,2051,2013,1851,1998,2049,2064
2042,2030,2048,2022,1894,2024,2042,2066
2049,2046,2055,2056,1992,2063,2053,2074
2054,2063,2076,2075,2064,2067,2061,2077
2049,2056,2068,2069,2059,2062,2063,2085
2043,2055,2068,2059,2043,2074,2074,2089
2053,2066,2072,2065,2109,2094,2076,2084
2045,2064,2059,2052,2124,2076,2068,2088
2045,2060,2050,2043,2084,2041,2067,2081
2055,2063,2051,2035,2084,2017,2054,2085
2058,2054,2043,2044,2132,2011,2047,2082
2056,2059,2047,2044,2053,2004,2047,2074
2058,2060,2049,2052,2016,1997,2046,2066
2052,2051,2042,2059,2045,2012,2046,2067
2050,2056,2053,2053,2053,2026,2049,2063
2057,2063,2059,2054,2067,2042,2051,2062
2052,2060,2057,2052,2077,2045,2061,2057
2051,2056,2053,2052,2074,2037,2069,2049
2056,2054,2052,2047,2061,2024,2061,2053
2050,2053,2053,2053,2061,2028,2058,2058
2037,2044,2045,2051,2058,2016,2054,2047
2033,2037,2034,2048,2064,2021,2045,2040
2030,2044,2038,2054,2068,2033,2050,2053
2036,2052,2036,2058,2064,2033,2047,2053
2032,2043,2036,2059,2058,2036,2055,2039
2033,2041,2036,2044,2048,2044,2042,2038
2025,2036,2031,2030,2047,2049,2032,2048
2027,2037,2023,2022,2038,2053,2050,2039
2030,2036,2027,2019,2027,2052,2050,2047
2033,2031,2028,2027,2028,2017,2046,2056
2034,2034,2035,2045,2044,2001,2054,2062
2043,2042,2038,2050,2052,2016,2059,2065
2036,2042,2031,2055,2055,2033,2048,2062
2042,2045,2034,2051,2060,2034,2047,2066
2042,2047,2037,2050,2056,2027,2052,2074
2044,2044,2036,2051,2055,2026,2043,2072
2042,2044,2037,2051,2054,2027,2051,2076
2035,2035,2029,2038,2035,2009,2017,2073
2030,2034,2025,2046,2034,2010,2042,2069
2037,2047,2041,2061,2048,2022,2051,2067
2046,2064,2054,2072,2052,2035,2053,2073
2050,2059,2052,2076,2056,2035,2055,2075
2055,2053,2048,2064,2040,2028,2060,2073
2054,2054,2049,2056,2033,2022,2062,2066
2052,2058,2060,2051,2030,2024,2053,2054
2047,2059,2068,2049,2018,2014,2046,2048
2040,2061,2084,2058,2038,2022,2045,2053
2048,2076,2101,2066,2052,2062,2057,2048
2040,2073,2104,2058,2063,2076,2052,2046
2040,2070,2093,2049,2053,2077,2066,2054
2041,2065,2078,2044,2040,2069,2046,2040
2037,2063,2059,2043,2033,2044,2026,2041
2035,2061,2059,2054,2050,1994,2028,2049
2046,2060,2047,2057,2049,1981,2022,2048
2031,2041,2028,2036,2034,1989,2015,2039
2032,2040,2028,2025,2021,2007,2027,2041
2038,2045,2026,2026,2014,2017,2039,2041
2044,2047,2030,2028,2019,2023,2044,2050
2041,2057,2032,2028,2021,2034,2060,2046
2037,2064,2040,2041,2038,2043,2037,2058
2045,2065,2047,2051,2034,2039,2065,2061
2052,2067,2044,2043,2038,2025,2061,2074
2053,2062,2047,2042,2033,2036,2052,2065
2048,2059,2037,2046,2042,2034,2057,2067
2043,2057,2041,2049,2055,2034,2045,2059
2049,2050,2046,2054,2057,2038,2051,2060
2041,2052,2051,2056,2046,2033,2048,2065
2047,2042,2061,2056,2082,2032,2049,2061
2042,2050,2058,2066,2123,2031,2048,2066
2038,2051,2066,2064,2117,2033,2044,2058
2033,2043,2054,2042,2059,2015,2028,2053
2033,2043,2045,2043,2050,2015,2010,2054
2037,2048,2054,2068,2061,2030,2031,2063
2039,2053,2048,2067,2059,2023,2048,2053
2040,2055,2042,2063,2045,2028,2048,2053
2038,2050,2045,2058,2033,2040,2043,2052
2030,2046,2037,2056,2022,2045,2031,2052
2030,2047,2026,2054,2018,2045,2029,2043
2027,2042,2021,2046,2006,2035,2035,2039
2027,2043,2017,2035,2009,2002,2038,2047
2027,2043,2020,2036,2040,1981,2042,2049
2030,2048,2022,2028,2071,1980,2053,2049
2029,2049,2033,2023,2076,1996,2040,2039
2031,2057,2045,2023,2064,1996,2038,2041
2038,2067,2072,2026,2058,1999,2056,2040
2036,2070,2067,2033,2067,2016,2027,2035
2031,2064,2047,2034,2059,2023,2028,2029
2024,2042,2027,2021,2034,2035,2037,2022
2011,2024,2011,2022,2045,2065,2051,2022
2021,2037,2012,2022,2076,2083,2064,2026
2019,2032,2000,2014,2076,2080,2066,2023
2018,2029,1998,2010,2080,2065,2057,2028
2014,2024,1997,2014,2091,2028,2049,2040
2026,2027,2007,2026,2085,2012,2074,2046
2023,2025,2001,2033,2095,2030,2080,2050
2026,2022,2009,2030,2074,2030,2072,2056
2026,2023,2006,2010,2050,2019,2048,2060
2033,2027,2013,2018,2064,2021,2044,2051
2028,2027,2015,2028,2075,2022,2039,2049
2018,2021,2005,2026,2048,2005,2030,2045
2018,2012,2006,2028,2024,1987,2013,2045
2016,2024,2017,2028,1999,1987,2017,2054
2022,2043,2058,2038,1977,1992,2030,2061
2027,2060,2081,2037,1990,1993,2028,2055
2021,2061,2084,2051,2027,2002,2035,2045
2026,2069,2080,2073,2068,2015,2042,2049
2025,2055,2066,2072,2073,2012,2021,2053
2021,2038,2055,2061,2059,2005,2020,2055
2023,2034,2060,2060,2055,2010,2037,2057
2023,2056,2073,2064,2057,2018,2033,2054
2032,2069,2089,2073,2071,2036,2052,2055
2037,2069,2098,2068,2064,2032,2042,2052
2038,2069,2102,2065,2062,2030,2045,2046
2035,2065,2087,2060,2064,2028,2061,2040
2037,2061,2084,2050,2060,2025,2055,2040
2043,2051,2066,2053,2072,2030,2051,2034
2034,2050,2059,2055,2068,2038,2065,2034
2034,2054,2062,2059,2074,2037,2063,2035
2032,2050,2059,2049,2067,2016,2064,2033
2027,2049,2059,2047,2055,2001,2056,2027
2022,2045,2054,2039,2055,2038,2052,2027
2024,2046,2043,2042,2098,2069,2055,2036
2035,2062,2050,2056,2175,2086,2080,2042
2042,2057,2043,2056,2211,2093,2076,2048
2039,2054,2035,2059,2209,2097,2070,2049
2040,2051,2035,2065,2225,2113,2063,2049
2036,2048,2028,2065,2225,2118,2073,2045
2028,2048,2030,2065,2205,2107,2062,2043
2027,2044,2020,2065,2215,2097,2064,2045
2025,2041,2022,2066,2206,2092,2045,2046
2023,2037,2025,2044,2077,2039,2051,2043
2025,2053,2039,2009,1847,1944,2042,2043
2027,2050,2038,2001,1773,1893,2038,2046
2028,2055,2036,2005,1833,1898,2027,2042
2032,2053,2037,2020,1927,1932,2040,2046
2028,2045,2041,2042,2011,1980,2028,2036
2021,2032,2025,2041,2026,2008,2027,2031
2017,2019,2032,2044,2021,2014,2044,2026
2013,2029,2045,2048,2028,2021,2047,2040
2025,2040,2055,2049,2030,2018,2044,2036
2021,2043,2057,2046,2029,2022,2051,2038
2022,2052,2064,2046,2027,2022,2051,2042
2026,2051,2075,2040,2023,2021,2050,2041
2023,2053,2084,2045,2026,2021,2045,2039
2029,2056,2082,2044,2013,2007,2064,2040
2029,2056,2080,2039,1988,1988,2075,2043
2024,2051,2079,2037,1963,1982,2079,2038
2031,2049,2072,2039,1951,1972,2060,2037
2020,2039,2057,2038,1948,1973,2068,2031
2020,2032,2050,2036,1988,1975,2058,2031
2015,2037,2054,2061,2061,2002,2049,2033
2021,2047,2064,2085,2127,2030,2059,2024
2024,2045,2064,2090,2123,2049,2052,2020
2013,2040,2059,2080,2105,2072,2059,2011
2012,2036,2054,2076,2083,2085,2068,2010
2015,2048,2048,2060,2048,2075,2064,2006
2016,2045,2055,2056,2039,2048,2056,2029
2027,2053,2056,2069,2063,2025,2057,2036
2027,2056,2057,2075,2075,2044,2068,2039
2035,2060,2057,2071,2077,2067,2060,2042
2031,2053,2053,2063,2069,2050,2072,2052
2036,2056,2053,2060,2061,2035,2065,2052
2034,2052,2056,2050,2052,2030,2065,2045
2038,2056,2073,2039,2042,2033,2050,2045
2035,2063,2071,2035,2047,2043,2061,2044
2031,2055,2061,2024,2038,2053,2065,2047
2028,2053,2043,2029,2050,2037,2060,2045
2029,2056,2042,2036,2060,2036,2074,2054
2029,2053,2044,2049,2074,2032,2064,2056
2025,2042,2033,2051,2078,2040,2055,2050
2014,2036,2034,2052,2085,2062,2072,2037
2015,2038,2037,2052,2078,2075,2074,2047
2023,2037,2036,2035,2056,2054,2052,2043
2021,2038,2034,2022,2053,2025,2069,2042
2025,2043,2042,2026,2063,1995,2041,2054
2026,2049,2050,2042,2086,2000,2057,2057
2029,2054,2039,2021,2084,2008,2066,2052
2034,2049,2036,2004,2071,2017,2077,2052
2031,2047,2036,2014,2065,2025,2069,2050
2028,2043,2033,2018,2066,2024,2057,2044
2029,2038,2029,2024,2071,2023,2053,2049
2031,2040,2030,2028,2058,2020,2059,2032
2015,2042,2035,2018,2044,2018,2060,2019
2018,2033,2030,2018,2060,2015,2054,2024
2012,2035,2030,2024,2074,2012,2065,2020
2020,2034,2028,2030,2083,2015,2043,2023
2016,2030,2033,2025,2095,2013,2038,2024
2023,2030,2032,2032,2096,2016,2057,2028
2027,2042,2044,2031,2092,2022,2062,2035
2030,2045,2046,2035,2090,2021,2064,2036
2029,2045,2045,2036,2078,2021,2059,2043
2026,2041,2048,2032,2071,2020,2057,2040
2022,2044,2045,2032,2056,2031,2051,2043
2027,2042,2045,2031,2033,2041,2038,2046
2025,2040,2053,2030,2032,2048,2074,2052
2028,2047,2049,2028,2030,2043,2070,2053
2027,2050,2046,2025,2049,2045,2058,2050
2025,2042,2047,2035,2063,2048,2054,2049
2029,2043,2040,2035,2057,2042,2032,2053
2022,2040,2040,2032,2044,2027,2061,2058
2028,2048,2044,2035,2037,2024,2063,2062
2032,2051,2046,2035,2050,2028,2057,2066
2039,2047,2043,2032,2075,2023,2054,2054
2022,2031,2028,2035,2080,2020,2054,2056
2019,2029,2035,2041,2079,2032,2072,2061
2022,2042,2042,2045,2079,2028,2055,2059
2018,2041,2044,2042,2072,2035,2057,2056
2018,2044,2052,2042,2073,2044,2055,2066
2017,2050,2048,2042,2077,2060,2065,2067
2023,2048,2047,2044,2085,2065,2073,2062
2025,2048,2050,2043,2090,2059,2059,2056
2022,2046,2043,2042,2098,2047,2071,2047
2022,2049,2042,2039,2097,2035,2061,2043
2021,2041,2036,2037,2075,2036,2064,2042
2024,2042,2031,2035,2057,2047,2068,2040
2018,2036,2036,2037,2060,2054,2059,2035
2019,2035,2037,2035,2058,2059,2055,2039
2016,2030,2027,2030,2052,2068,2054,2038
2013,2029,2022,2026,2062,2076,2041,2026
2007,2015,2012,2016,2049,2060,2042,2014
2008,2012,2013,2017,2035,2060,2045,2023
2014,2030,2019,2022,2028,2030,2041,2022
2009,2025,2021,2025,2032,2003,2022,2034
2017,2035,2034,2049,2072,2006,2055,2035
2025,2038,2039,2056,2093,2018,2072,2044
2019,2039,2033,2049,2113,2027,2068,2048
2025,2041,2033,2050,2112,2021,2049,2051
2023,2033,2031,2058,2103,2025,2067,2057
2028,2028,2031,2058,2096,2041,2066,2059
2030,2033,2031,2062,2081,2049,2060,2066
2031,2037,2038,2061,2036,2043,2055,2059
2032,2025,2032,2051,2012,2032,2054,2057
2022,2029,2031,2033,2021,2038,2043,2055
2022,2030,2029,2024,2016,2041,2024,2058
2022,2032,2030,2034,2014,2040,2040,2063
2025,2027,2028,2039,1993,2029,2034,2065
2024,2022,2038,2038,1997,2028,2030,2068
2030,2034,2042,2061,2043,2033,2041,2069
2028,2038,2041,2051,2052,2025,2036,2066
2030,2037,2045,2041,2020,2011,2035,2056
2036,2046,2051,2040,2047,2014,2038,2056
2035,2052,2054,2040,2066,2012,2049,2064
2035,2052,2052,2029,2060,2001,2046,2059
2037,2049,2053,2037,2058,1997,2043,2058
2035,2052,2044,2048,2094,2004,2041,2055
2033,2044,2041,2052,2124,2009,2044,2061
2039,2050,2043,2046,2099,2006,2042,2064
2037,2053,2041,2040,2065,2007,2054,2058
2042,2045,2038,2037,2042,2024,2039,2053
2038,2045,2039,2041,2049,2044,2054,2044
2037,2043,2036,2038,2049,2059,2021,2035
2032,2040,2035,2035,2088,2070,2035,2022
2027,2030,2031,2039,2112,2079,1999,2015
2019,2032,2028,2048,2135,2073,2014,2024
2028,2040,2035,2059,2141,2062,2007,2031
2037,2043,2033,2056,2105,2051,2005,2036
2031,2040,2040,2044,2079,2042,2006,2035
2031,2039,2041,2036,2068,2023,1992,2039
2033,2038,2038,2029,2051,2026,1987,2037
2033,2039,2039,2035,2054,2024,1980,2033
2037,2038,2036,2042,2052,2001,2007,2038
2034,2035,2034,2040,2064,1982,1998,2039
2035,2037,2038,2043,2069,1987,2025,2042
2030,2034,2043,2045,2072,2014,2052,2047
2035,2028,2036,2047,2069,2018,2046,2053
2030,2031,2037,2041,2070,2022,2062,2047
2025,2025,2043,2042,2064,2015,2046,2043
2022,2030,2043,2047,2060,2005,2035,2047
2025,2036,2040,2054,2057,2021,2041,2053
2030,2023,2034,2045,2068,2062,2069,2062
2021,2022,2037,2046,2070,2071,2085,2070
2032,2043,2045,2052,2068,2061,2077,2081
2032,2042,2047,2049,2060,2051,2096,2081
2039,2046,2042,2049,2046,2046,2073,2074
2029,2036,2045,2045,2051,2054,2078,2078
2036,2044,2049,2048,2057,2062,2071,2081
2040,2046,2055,2049,2057,2067,2086,2077
2040,2055,2054,2054,2072,2056,2097,2075
2041,2062,2062,2065,2083,2002,2098,2073
2051,2059,2062,2063,2075,1977,2077,2073
2049,2056,2057,2060,2072,1977,2072,2060
2049,2050,2056,2057,2077,2001,2055,2054
2041,2047,2050,2057,2080,2007,2051,2046
2039,2043,2050,2056,2085,2025,2056,2038
2038,2043,2059,2061,2090,2048,2054,2024
2027,2035,2043,2049,2071,2064,2011,2017
2020,2028,2034,2043,2046,2060,2017,2017
2017,2028,2032,2037,2022,2027,2021,2012
2020,2033,2042,2038,2029,2044,2036,2035
2026,2034,2036,2047,2036,2048,2026,2034
2034,2036,2038,2046,2042,2026,2029,2038
2033,2039,2044,2043,2034,2016,2045,2037
2046,2042,2043,2045,2031,2017,2055,2045
2045,2039,2042,2045,2047,2017,2041,2044
2046,2045,2044,2045,2048,2024,2032,2051
2045,2045,2044,2044,2060,2033,2039,2047
2045,2034,2046,2041,2078,2051,2028,2047
2038,2042,2031,2044,2094,2066,2032,2042
2035,2033,2038,2039,2087,2067,2035,2034
2029,2040,2037,2040,2075,2057,2022,2034
2032,2040,2040,2043,2060,2059,2033,2047
2032,2043,2041,2048,2069,2078,2032,2058
2022,2033,2034,2038,2057,2083,2043,2061
2023,2034,2041,2033,2061,2080,2053,2075
2037,2047,2048,2043,2069,2066,2056,2067
2037,2056,2053,2046,2076,2049,2072,2072
2037,2061,2058,2050,2069,2025,2065,2066
2036,2061,2062,2049,2064,1989,2047,2069
2036,2062,2060,2050,2073,1965,2023,2070
2036,2065,2060,2056,2114,1980,2015,2062
2058,2064,2062,2056,2129,1994,2041,2065
2067,2061,2057,2047,2130,2013,2066,2059
2053,2048,2050,2044,2126,2042,2072,2050
2032,2041,2048,2039,2118,2049,2057,2035
2018,2039,2053,2050,2122,2043,2026,2046
2022,2038,2056,2058,2118,2048,2058,2054
2020,2032,2056,2057,2089,2061,2086,2063
2019,2035,2050,2047,2029,2037,2063,2066
2017,2029,2039,2030,1943,2016,2074,2052
2004,2017,2031,2031,1973,2063,2126,2056
2012,2022,2037,2048,2035,2135,2185,2067
2035,2036,2042,2058,2063,2154,2162,2074
2045,2056,2048,2057,2060,2111,2145,2057
2056,2055,2055,2048,2031,2028,2098,2053
2049,2050,2047,2050,2028,1974,2064,2041
2042,2060,2054,2056,2032,1982,2067,2041
2034,2057,2053,2057,2044,2011,2089,2040
2025,2047,2052,2058,2054,2041,2089,2046
2018,2051,2050,2062,2063,2046,2082,2038
2020,2052,2052,2059,2064,2032,2005,2058
2019,2042,2053,2058,2065,2012,1981,2067
2016,2045,2048,2054,2071,1998,1928,2072
2010,2037,2048,2058,2074,1998,1903,2074
2016,2038,2049,2063,2078,2020,1987,2099
2015,2038,2054,2061,2068,2035,2013,2100
2004,2024,2033,2049,2060,2058,1999,2082
1985,2017,2029,2035,2060,2088,2013,2094
1999,2028,2038,2043,2065,2113,2034,2108
2004,2030,2046,2048,2070,2148,2039,2103
1993,2039,2052,2046,2083,2170,2040,2089
1982,2040,2055,2048,2080,2145,2050,2081
1987,2044,2050,2050,2081,2071,2032,2077
1989,2042,2051,2047,2079,1975,2049,2060
1988,2033,2042,2048,2083,1970,2071,2017
1974,2030,2045,2039,2069,2004,2062,1991
1980,2033,2035,2030,2058,2038,2075,2006
1977,2025,2033,2030,2056,2057,2085,1988
1962,2024,2035,2034,2054,2065,2073,1979
1963,2026,2038,2034,2052,2076,2046,1978
1982,2028,2041,2032,2057,2110,2039,1966
2006,2033,2040,2034,2047,2114,2025,1978
2009,2027,2035,2021,2029,2058,1997,1989
2013,2025,2037,2019,2023,1967,1940,1998
2010,2032,2051,2030,2034,1927,1957,2015
2024,2042,2052,2037,2038,1952,1992,2006
2011,2039,2047,2037,2046,1990,2015,2000
2016,2048,2049,2034,2075,2013,2027,2032
2012,2042,2053,2037,2082,2021,2052,2044
2010,2040,2049,2041,2085,2021,2064,2058
2007,2030,2047,2040,2098,2027,2079,2059
2016,2033,2061,2050,2111,2036,2077,2059
2019,2038,2062,2044,2100,2051,2095,2075
2020,2038,2053,2045,2089,2071,2108,2093
2031,2043,2054,2039,2063,2065,2092,2117
2031,2038,2045,2024,2036,2076,2067,2136
2039,2045,2052,2028,2029,2106,2090,2166
2058,2055,2066,2038,2003,2088,2090,2204
2081,2067,2072,2066,2047,2106,2103,2196
2080,2063,2065,2066,2057,2067,2058,2150
2052,2055,2057,2052,2011,2021,2037,2099
2047,2057,2057,2043,1999,2041,2007,2078
2040,2053,2058,2041,2029,2072,2019,2088
2041,2053,2056,2038,2038,2041,2016,2094
2039,2044,2051,2037,2031,2015,2022,2093
2033,2043,2055,2034,2030,2023,2037,2093
2029,2042,2052,2032,2040,2044,2065,2094
2029,2044,2054,2038,2055,2049,2082,2081
2028,2051,2053,2041,2064,2043,2124,2095
2024,2050,2058,2048,2064,2045,2100,2098
2029,2048,2057,2045,2057,2036,2102,2076
2022,2040,2042,2041,2057,1999,2048,2058
2013,2033,2041,2032,2045,1932,2005,2039
2008,2024,2036,2034,2040,1908,1967,2039
2015,2028,2037,2037,2040,1917,1986,2044
2009,2022,2024,2029,2046,1943,1998,2042
2011,2022,2033,2038,2046,1957,2010,2050
2018,2030,2043,2038,2057,1970,2027,2053
2017,2033,2041,2048,2059,1973,2016,2044
2012,2031,2040,2037,2057,1969,2029,2043
2005,2027,2047,2034,2050,1997,2024,2042
2000,2026,2039,2040,2056,2042,2005,2037
2000,2025,2036,2032,2053,2081,2025,2049
2011,2025,2034,2030,2058,2116,2058,2054
2004,2019,2033,2032,2056,2119,2069,2059
1996,2015,2027,2030,2050,2071,2053,2059
1998,2017,2027,2027,2047,2045,2046,2061
2001,2012,2032,2027,2056,2036,2040,2071
2016,2026,2042,2036,2060,2038,2052,2078
2022,2042,2052,2045,2064,2042,2044,2084
2030,2043,2057,2041,2058,2029,2048,2091
2024,2039,2044,2039,2067,2026,2041,2086
2025,2041,2040,2034,2069,2045,2024,2105
2036,2045,2049,2049,2099,2064,2051,2091
2032,2041,2045,2047,2115,2074,2022,2081
2023,2037,2044,2041,2110,2068,2022,2081
2023,2042,2046,2040,2090,2054,2031,2077
2027,2055,2052,2043,2080,2038,2029,2079
2031,2059,2058,2046,2074,2044,2038,2085
2028,2059,2061,2043,2067,2036,2055,2083
2038,2063,2066,2045,2067,2028,2050,2081
2035,2063,2062,2043,2067,2030,2067,2077
2022,2057,2055,2038,2059,2047,2084,2072
2027,2054,2063,2035,2025,2033,2100,2070
2028,2057,2064,2024,1990,1995,2082,2071
2028,2059,2061,2034,1992,2021,2125,2096
2036,2064,2066,2031,2008,2064,2120,2100
2026,2062,2058,2021,2000,2100,2132,2100
2014,2040,2055,2024,1986,2125,2152,2108
2014,2037,2060,2037,2042,2145,2179,2113
2012,2041,2061,2045,2050,2138,2197,2116
2004,2041,2066,2053,2047,2131,2189,2111
2009,2034,2070,2056,2047,2120,2168,2126
2009,2047,2066,2058,2031,2118,2100,2122
2019,2047,2062,2057,2050,2075,2009,2105
2052,2052,2061,2049,2069,2038,1977,2086
2059,2054,2062,2033,2047,1992,1967,2071
2043,2046,2051,2025,2064,1994,1973,2060
2032,2044,2058,2016,2077,2052,2024,2058
2023,2049,2055,2008,2060,2058,2040,2066
2019,2048,2053,2010,2050,2007,2021,2069
2020,2050,2056,2031,2057,2014,2016,2071
2018,2046,2056,2034,2048,2034,2033,2077
2017,2042,2052,2032,2046,2032,2034,2074
2009,2024,2041,2022,2033,2005,2023,2071
2012,2021,2036,2018,2001,1977,2021,2091
2015,2041,2046,2030,2019,1989,2016,2105
2022,2043,2057,2038,2048,1996,2027,2100
2022,2047,2058,2041,2050,1999,2041,2099
2022,2048,2057,2031,2058,1998,2059,2089
2017,2040,2047,2035,2079,2008,2059,2088
2016,2040,2046,2049,2122,2052,2066,2082
2020,2043,2049,2054,2150,2087,2065,2086
2021,2046,2044,2047,2116,2059,2064,2083
2019,2039,2045,2036,2085,1998,2054,2064
2013,2038,2042,2032,2074,1944,2048,2066
2011,2035,2045,2042,2112,1981,2072,2072
2011,2037,2043,2038,2107,2037,2085,2059
2012,2036,2044,2037,2088,2078,2094,2051
2005,2033,2043,2035,2088,2126,2064,2050
2003,2030,2041,2029,2086,2132,2046,2040
1989,2020,2042,2029,2102,2099,2055,2036
1991,2025,2050,2037,2113,2074,2032,2045
2005,2037,2057,2041,2095,2046,2012,2037
1995,2033,2049,2024,2064,2022,2037,2034
1994,2025,2043,2022,2046,2030,2026,2042
1991,2028,2044,2020,2036,2053,2045,2051
1995,2030,2047,2024,2035,2040,2042,2057
2006,2033,2041,2023,2047,2009,2029,2067
2007,2032,2043,2033,2074,2018,2055,2065
2002,2032,2036,2029,2086,2035,2056,2064
2002,2030,2034,2029,2055,2052,2067,2066
1999,2029,2030,2026,2043,2074,2074,2059
1997,2024,2024,2015,2021,2085,2072,2062
1995,2022,2023,2009,2009,2057,2050,2070
1994,2022,2019,2023,2047,1988,2037,2074
2006,2032,2026,2034,2094,1998,2029,2078
2005,2022,2018,2030,2116,2064,2055,2083
2001,2017,2007,2034,2128,2122,2040,2101
2006,2030,2018,2040,2128,2149,2052,2112
2010,2033,2020,2039,2108,2122,2051,2116
2012,2032,2021,2035,2085,2076,2039,2120
2014,2035,2026,2030,2067,2031,2048,2112
2012,2028,2033,2024,2043,1985,2040,2111
2009,2032,2026,2023,2044,1983,2026,2098
2010,2023,2024,2025,2048,1998,2049,2091
2003,2027,2025,2029,2067,1997,2043,2094
2009,2035,2035,2033,2052,1959,2024,2085
2006,2034,2039,2030,2039,1967,2033,2084
2006,2036,2042,2032,2052,2007,2050,2079
2016,2046,2058,2045,2087,2032,2053,2077
2020,2049,2061,2054,2099,2038,2045,2074
2008,2044,2064,2054,2118,2059,2077,2063
2002,2043,2066,2067,2153,2088,2071,2062
2000,2034,2064,2072,2158,2118,2049,2068
1998,2039,2070,2062,2126,2093,2045,2069
2003,2042,2069,2055,2108,2080,2058,2079
2007,2048,2071,2054,2101,2096,2049,2087
2023,2045,2066,2051,2099,2099,2073,2089
2029,2047,2070,2046,2092,2083,2068,2092
2021,2044,2069,2045,2071,2058,2082,2085
2018,2043,2072,2043,2045,2030,2062,2083
2020,2039,2075,2031,2015,2033,2072,2083
2019,2038,2069,2019,1999,2061,2073,2088
2012,2040,2062,2020,2009,2091,2079,2084
2014,2047,2067,2026,2028,2117,2071,2085
2021,2051,2072,2032,2040,2141,2063,2096
2028,2054,2069,2038,2058,2132,2046,2091
2014,2055,2071,2047,2092,2089,2022,2093
2013,2049,2074,2052,2118,1976,2015,2092
2013,2036,2065,2050,2129,1944,2014,2089
2007,2035,2062,2041,2119,2001,2047,2091
2009,2038,2064,2040,2087,2031,2062,2080
2010,2034,2044,2029,2066,2032,2051,2065
1998,2024,2031,2021,2081,2048,2030,2072
1993,2027,2034,2034,2105,2063,2038,2078
2001,2035,2040,2049,2128,2055,2061,2084
2005,2035,2033,2057,2128,2063,2040,2082
2004,2036,2037,2052,2087,2084,2054,2081
2009,2036,2033,2042,1986,2071,2057,2081
2007,2032,2023,2041,1994,2077,2060,2080
2014,2033,2030,2046,2025,2084,2068,2083
2018,2038,2027,2056,2051,2088,2072,2086
2022,2040,2026,2053,2064,2082,2071,2080
2014,2031,2021,2051,2066,2083,2075,2073
2016,2028,2021,2049,2058,2084,2057,2071
2003,2022,2017,2041,2057,2074,2060,2056
1997,2012,2020,2043,2050,2058,2056,2056
1994,2025,2031,2042,2060,2023,2054,2060
2001,2029,2043,2049,2060,2021,2052,2063
2009,2038,2062,2060,2070,2053,2052,2069
2016,2042,2084,2067,2063,2070,2055,2067
2016,2055,2097,2070,2057,2063,2062,2068
2009,2053,2103,2066,2046,2043,2060,2056
1998,2045,2095,2055,2051,2036,2055,2058
1998,2047,2090,2055,2053,2053,2058,2066
2006,2061,2097,2049,2034,2063,2069,2074
2014,2066,2106,2047,2034,2057,2072,2088
2012,2070,2108,2051,2036,2022,2052,2106
2025,2068,2102,2059,2028,2022,2052,2105
2020,2062,2094,2059,2027,2019,2052,2109
2029,2067,2082,2048,2024,2024,2051,2110
2022,2049,2059,2033,2031,2051,2047,2097
2006,2034,2035,2022,2032,2055,2059,2096
2006,2031,2034,2018,2044,2067,2057,2097
2003,2038,2027,2017,2054,2076,2063,2098
2005,2033,2021,2015,2064,2077,2075,2101
2006,2033,2021,2022,2083,2081,2080,2099
2006,2034,2025,2036,2084,2078,2068,2104
2012,2035,2025,2032,2084,2077,2069,2094
2015,2037,2024,2028,2079,2064,2078,2087
2009,2032,2017,2029,2079,2026,2057,2086
2002,2026,2015,2025,2061,1989,2032,2083
2011,2028,2011,2020,2060,2028,2046,2079
2010,2031,2014,2023,2059,2054,2048,2068
2002,2021,2019,2020,2061,2072,2055,2067
2002,2027,2017,2028,2051,2060,2045,2068
2001,2023,2016,2027,2052,2031,2060,2067
1999,2021,2018,2038,2059,2004,2040,2064
2004,2028,2029,2039,2054,2005,2051,2066
1995,2036,2034,2039,2054,2024,2053,2060
2004,2054,2061,2048,2056,2037,2035,2068
2011,2050,2059,2045,2055,2034,2048,2068
2005,2043,2053,2030,2047,2021,2040,2072
2005,2043,2054,2030,2028,2008,2046,2077
2013,2047,2066,2041,2028,2006,2044,2084
2017,2056,2080,2045,2031,2009,2035,2082
2014,2061,2095,2057,2042,2009,2033,2080
2012,2056,2093,2064,2064,2022,2038,2086
2006,2053,2080,2061,2068,2055,2062,2088
2008,2053,2065,2058,2073,2069,2086,2092
2008,2035,2062,2061,2080,2066,2084,2094
2010,2039,2051,2056,2093,2066,2075,2093
2005,2038,2050,2055,2092,2077,2071,2093
2008,2036,2050,2051,2085,2077,2067,2091
2007,2040,2043,2038,2059,2071,2068,2096
2002,2032,2035,2028,2003,2071,2062,2092
2004,2039,2043,2027,1954,2105,2084,2100
2016,2055,2053,2031,2007,2114,2080,2094
2015,2052,2041,2029,2028,2103,2054,2089
2013,2047,2032,2030,2045,2086,2058,2075
2014,2043,2040,2054,2046,2064,2037,2080
2022,2054,2047,2070,2057,1989,2034,2101
2029,2051,2047,2069,2092,2001,2036,2092
2020,2035,2038,2055,2109,2038,2057,2088
2012,2027,2031,2036,2086,2044,2043,2086
2014,2031,2034,2040,2117,2067,2059,2072
2011,2030,2040,2043,2087,2080,2063,2074
2004,2023,2026,2019,2008,2088,2059,2063
2003,2020,2025,2020,2014,2099,2053,2062
1996,2023,2025,2032,2031,2083,2059,2060
2006,2022,2032,2029,2037,2052,2043,2049
2000,2013,2024,2034,2050,2038,2039,2055
2007,2021,2038,2047,2065,2024,2050,2072
2022,2047,2048,2048,2071,2048,2064,2077
2029,2053,2054,2048,2060,2064,2066,2071
2021,2046,2062,2047,2060,2060,2077,2069
2021,2039,2069,2051,2062,2057,2070,2067
2010,2035,2068,2049,2062,2016,2072,2074
2013,2038,2070,2056,2068,1984,2087,2080
2008,2030,2057,2055,2063,2001,2063,2075
2001,2032,2054,2046,2037,2015,2053,2076
2002,2028,2045,2045,2033,2026,2060,2083
2007,2030,2045,2043,2042,2026,2068,2086
2016,2040,2052,2046,2039,2027,2076,2087
2022,2042,2048,2042,2042,2043,2081,2088
2015,2040,2045,2051,2050,2073,2085,2094
2019,2035,2043,2043,2046,2113,2071,2087
2006,2026,2036,2044,2050,2168,2079,2086
2014,2028,2037,2048,2056,2164,2067,2095
2028,2051,2047,2049,2048,2054,2040,2089
2021,2051,2044,2043,2043,1942,2034,2083
2022,2049,2044,2045,2044,1977,2024,2091
2027,2052,2053,2048,2054,2038,2039,2092
2032,2059,2056,2053,2058,2069,2063,2102
2038,2069,2064,2061,2064,2078,2053,2098
2034,2071,2066,2062,2060,2062,2053,2089
2033,2069,2065,2059,2065,2006,2067,2090
2031,2062,2063,2057,2055,1999,2071,2080
2024,2056,2058,2058,2060,2018,2074,2079
2030,2053,2059,2057,2064,2052,2071,2067
2027,2061,2059,2060,2072,2063,2069,2077
2032,2064,2063,2060,2079,2056,2077,2070
2039,2061,2063,2057,2068,2036,2067,2054
2021,2049,2052,2044,2057,1993,2050,2052
2024,2045,2047,2049,2057,1986,2056,2061
2037,2053,2061,2044,2051,2004,2068,2064
2041,2047,2054,2038,2034,2032,2066,2065
2034,2045,2049,2028,2008,2022,2053,2063
2020,2043,2048,2022,1983,1992,2047,2058
2025,2045,2045,2017,1961,1983,2044,2064
2023,2041,2040,2020,1957,1954,2033,2066
2022,2040,2044,2020,1993,1949,2069,2081
2032,2048,2042,2035,2056,1986,2080,2089
2039,2054,2050,2056,2092,2031,2095,2102
2047,2056,2050,2062,2098,2065,2094,2107
2044,2061,2050,2060,2095,2106,2073,2106
2040,2058,2051,2060,2108,2109,2068,2103
2042,2053,2043,2055,2091,2087,2077,2094
2040,2050,2043,2053,2085,2061,2051,2079
2034,2041,2039,2043,2076,2052,2057,2083
2028,2038,2033,2039,2051,2055,2066,2082
2034,2047,2042,2036,2034,2064,2076,2092
2033,2043,2036,2037,2022,2063,2072,2098
2044,2050,2036,2039,2022,2052,2072,2093
2042,2034,2035,2038,2036,2042,2066,2085
2039,2039,2033,2039,2049,2040,2069,2083
2038,2043,2028,2041,2060,2040,2066,2087
2045,2051,2034,2037,2055,2044,2068,2084
2042,2050,2036,2041,2058,2054,2072,2088
2043,2049,2036,2044,2063,2054,2081,2084
2038,2056,2044,2043,2060,2067,2090,2081
2042,2050,2044,2043,2048,2059,2088,2080
2033,2038,2042,2042,2036,2046,2081,2074
2034,2038,2040,2041,2044,2041,2073,2070
2034,2041,2046,2049,2036,2036,2064,2063
2025,2029,2040,2038,2025,2021,2049,2058
2030,2032,2035,2032,2022,2017,2052,2060
2029,2042,2039,2034,2009,2010,2052,2062
2028,2036,2039,2037,2011,2029,2042,2065
2028,2036,2042,2048,2055,2059,2064,2072
2036,2039,2054,2049,2045,2062,2081,2080
2041,2052,2056,2052,2038,2064,2091,2081
2039,2054,2061,2046,2024,2061,2062,2075
2031,2048,2052,2035,2042,2047,2069,2073
2039,2046,2054,2043,2080,2028,2064,2070
2034,2048,2056,2050,2097,2027,2065,2073
2045,2051,2053,2055,2100,2030,2058,2086
2040,2054,2054,2052,2087,2031,2040,2089
2041,2052,2053,2057,2072,2033,2060,2090
2049,2055,2050,2053,2060,2026,2065,2088
2042,2051,2049,2052,2047,2034,2059,2084
2036,2039,2039,2040,2023,2036,2052,2084
2031,2030,2039,2041,2016,2038,2071,2084
2038,2052,2050,2033,1998,2050,2080,2087
2035,2046,2042,2024,2006,2053,2072,2085
2031,2041,2044,2031,2023,2038,2072,2092
2035,2051,2047,2035,2052,2034,2043,2086
2035,2047,2050,2045,2076,2032,2058,2079
2033,2049,2051,2047,2084,2049,2068,2084
2037,2050,2050,2051,2078,2065,2071,2084
2037,2052,2048,2049,2072,2052,2053,2081
2036,2053,2047,2045,2060,2038,2042,2081
2033,2051,2044,2041,2069,2048,2064,2076
2035,2044,2048,2051,2078,2056,2047,2069
2037,2052,2049,2052,2065,2046,2050,2069
2034,2051,2053,2045,2067,2046,2049,2066
2037,2042,2047,2046,2054,2044,2026,2053
2030,2031,2045,2031,2038,2047,2031,2055
2023,2036,2041,2043,2047,2062,2051,2060
2035,2048,2051,2053,2056,2079,2069,2077
2043,2056,2053,2059,2059,2081,2079,2072
2040,2051,2044,2059,2063,2066,2077,2071
2033,2044,2048,2051,2065,2064,2079,2076
2039,2046,2046,2047,2062,2060,2076,2079
2044,2054,2051,2052,2061,2070,2065,2083
2042,2049,2052,2052,2062,2064,2077,2086
2036,2045,2045,2049,2058,2041,2078,2092
2045,2046,2046,2056,2085,2039,2074,2087
2042,2045,2048,2048,2111,2044,2077,2088
2047,2042,2048,2042,2093,2035,2060,2078
2039,2042,2044,2040,2098,2072,2061,2081
2033,2041,2044,2041,2105,2097,2057,2074
2032,2038,2044,2044,2097,2069,2044,2070
2031,2028,2034,2032,2071,2031,2033,2069
2033,2030,2040,2030,2046,2040,2065,2087
2040,2041,2050,2031,1996,2061,2094,2089
2046,2045,2047,2017,1887,2026,2085,2082
2049,2043,2040,2015,1876,1986,2074,2088
2042,2046,2038,2022,1912,1993,2060,2075
2039,2047,2037,2025,1954,2021,2076,2083
2049,2045,2044,2044,2006,2028,2062,2078
2050,2054,2044,2059,2042,2035,2076,2077
2044,2049,2048,2062,2062,2053,2072,2074
2049,2050,2052,2062,2064,2075,2075,2075
2052,2050,2050,2056,2044,2065,2066,2075
2043,2052,2043,2041,2025,2058,2079,2064
2041,2049,2046,2043,2015,2045,2062,2059
2039,2041,2047,2050,2030,2040,2038,2057
2040,2044,2048,2047,2052,2037,2060,2059
2042,2039,2047,2047,2062,2038,2040,2050
2031,2035,2043,2048,2073,2050,2068,2043
2040,2044,2040,2046,2070,2060,2075,2051
2039,2045,2039,2044,2044,2067,2085,2050
2037,2041,2036,2043,2038,2069,2087,2044
2036,2041,2036,2036,2024,2054,2078,2054
2037,2043,2034,2041,2007,2034,2070,2069
2048,2045,2041,2041,1990,2024,2067,2072
2047,2043,2043,2041,1997,2022,2068,2069
2049,2044,2045,2040,1976,2035,2042,2073
2042,2045,2036,2026,1952,2025,2053,2069
2047,2040,2039,2021,1947,2018,2056,2071
2047,2046,2040,2018,1949,2012,2049,2072
2046,2050,2037,2023,1966,1994,2030,2076
2054,2054,2044,2036,2023,1976,2031,2086
2057,2058,2062,2056,2087,1988,2042,2086
2059,2051,2046,2053,2102,2005,2048,2088
2042,2044,2044,2052,2097,2037,2051,2082
2047,2049,2044,2054,2101,2063,2055,2089
2054,2054,2045,2052,2091,2063,2071,2087
2048,2049,2043,2054,2098,2070,2042,2094
2053,2047,2039,2053,2088,2069,2059,2084
2050,2048,2045,2046,2081,2082,2077,2085
2058,2052,2050,2044,2080,2090,2080,2087
2058,2052,2055,2039,2062,2081,2089,2087
2052,2051,2048,2036,2038,2078,2078,2087
2052,2056,2048,2043,2053,2075,2077,2080
2053,2056,2049,2044,2072,2072,2081,2078
2053,2052,2041,2044,2064,2073,2077,2063
2049,2053,2043,2053,2066,2078,2088,2057
2046,2049,2050,2054,2042,2072,2075,2052
2048,2046,2045,2054,2025,2041,2057,2049
2042,2043,2038,2042,2020,2024,2018,2044
2035,2039,2034,2023,2012,2018,2040,2049
2040,2039,2041,2026,2044,2037,2064,2062
2049,2048,2042,2041,2070,2048,2064,2066
2055,2053,2046,2044,2051,2050,2065,2068
2058,2051,2050,2046,2050,2045,2057,2070
2057,2046,2049,2046,2051,2053,2066,2066
2053,2041,2048,2051,2055,2058,2063,2067
2054,2042,2046,2051,2058,2068,2072,2071
2056,2050,2047,2050,2058,2075,2068,2077
2065,2052,2054,2060,2068,2080,2062,2074
2059,2053,2054,2066,2072,2069,2071,2075
2058,2048,2049,2062,2070,2060,2081,2069
2056,2042,2042,2059,2065,2055,2079,2069
2048,2042,2040,2055,2069,2050,2093,2079
2051,2040,2039,2054,2079,2032,2097,2093
2052,2039,2036,2055,2066,1999,2084,2090
2043,2036,2035,2060,2071,2007,2079,2091
2053,2045,2049,2064,2078,2033,2106,2091
2057,2058,2048,2060,2082,2047,2098,2086
2058,2054,2047,2051,2044,2071,2103,2084
2052,2048,2045,2039,1991,2039,2084,2082
2057,2045,2044,2036,2006,2029,2064,2082
2059,2049,2053,2043,2044,2082,2079,2089
2060,2048,2050,2044,2051,2106,2082,2086
2064,2050,2044,2046,2031,2100,2069,2082
2071,2046,2050,2046,2032,2090,2063,2072
2062,2046,2042,2037,2035,2068,2050,2063
2050,2034,2030,2036,2022,2049,2045,2046
2042,2029,2023,2021,2009,2026,2062,2034
2041,2030,2023,2024,1998,2010,2032,2038
2046,2029,2025,2025,2012,2037,2056,2044
2040,2040,2039,2029,2023,2056,2070,2049
2035,2036,2033,2035,2041,2049,2065,2047
2040,2042,2036,2045,2051,2034,2066,2052
2049,2050,2039,2041,2052,2023,2065,2054
2062,2046,2033,2043,2047,2034,2063,2058
2048,2041,2029,2044,2031,2041,2053,2055
2049,2035,2028,2042,2011,2022,2058,2052
2054,2034,2022,2043,2007,1992,2033,2056
2055,2039,2035,2041,2014,2000,2030,2065
2063,2041,2042,2042,2014,2021,2047,2069
2062,2041,2046,2044,2009,2030,2054,2073
2062,2045,2053,2050,2026,2035,2057,2079
2060,2045,2061,2058,2053,2053,2075,2079
2056,2044,2054,2062,2044,2054,2074,2079
2058,2045,2048,2056,2046,2055,2073,2080
2061,2039,2045,2048,2044,2052,2076,2083
2058,2037,2044,2050,2039,2044,2060,2067
2050,2023,2048,2047,2036,2040,2065,2069
2049,2023,2054,2055,2051,2047,2068,2076
2058,2038,2064,2059,2050,2051,2081,2076
2062,2040,2062,2060,2051,2055,2068,2079
2062,2043,2054,2060,2051,2059,2070,2078
2066,2049,2059,2062,2052,2058,2075,2090
2069,2055,2062,2060,2053,2061,2073,2084
2070,2060,2055,2061,2044,2051,2066,2078
2068,2054,2056,2055,2038,2049,2074,2077
2067,2050,2053,2066,2044,2052,2086,2077
2066,2049,2063,2067,2052,2055,2081,2078
2064,2058,2067,2068,2053,2066,2080,2082
2071,2058,2065,2066,2056,2059,2086,2078
2067,2052,2064,2061,2056,2055,2084,2062
2053,2043,2054,2055,2052,2055,2081,2063
2056,2043,2053,2059,2044,2048,2070,2062
2054,2030,2050,2055,2038,2047,2076,2060
2056,2036,2047,2056,2042,2047,2075,2064
2064,2046,2062,2059,2048,2047,2067,2061
2068,2056,2063,2066,2043,2044,2065,2068
2066,2066,2072,2072,2056,2045,2061,2065
2065,2064,2074,2074,2061,2055,2049,2063
2067,2057,2064,2073,2047,2049,2052,2068
2062,2050,2055,2060,2034,2028,2056,2075
2057,2045,2054,2052,2032,2031,2054,2076
2057,2035,2051,2049,2038,2048,2073,2087
2068,2036,2051,2057,2037,2058,2084,2089
2065,2036,2051,2053,2037,2072,2080,2095
2064,2034,2046,2055,2038,2064,2065,2089
2065,2041,2049,2049,2037,2051,2053,2088
2068,2041,2043,2044,2034,2036,2072,2094
2064,2033,2041,2046,2027,2032,2049,2082
2055,2028,2020,2038,2027,2026,2048,2080
2056,2021,2030,2038,2028,2028,2072,2091
2063,2037,2038,2052,2037,2040,2065,2086
2062,2038,2044,2055,2046,2043,2079,2075
2065,2042,2047,2054,2050,2055,2059,2076
2064,2046,2049,2054,2044,2057,2062,2077
2062,2047,2045,2059,2040,2049,2041,2078
2066,2049,2053,2060,2040,2046,2050,2079
2076,2046,2051,2055,2017,2054,2041,2076
2081,2053,2059,2054,2002,2069,2057,2071
