CH1,CH2,CH3,CH4,CH5,CH6,CH7,CH8
2048,2041,2021,2012,2030,2037,2032,2040
2051,2044,2024,2019,2033,2044,2024,2035
2049,2043,2024,2019,2037,2046,2033,2024
2047,2042,2027,2027,2040,2053,2037,2020
2045,2043,2032,2034,2035,2051,2026,2011
2047,2046,2049,2042,2040,2057,2043,2012
2045,2053,2056,2048,2050,2051,2053,2015
2053,2060,2068,2054,2050,2057,2046,2011
2051,2055,2063,2043,2049,2044,2037,2000
2047,2045,2048,2038,2042,2039,2026,1996
2051,2043,2054,2035,2043,2042,2040,2006
2054,2044,2065,2037,2043,2035,2033,2005
2051,2054,2081,2042,2056,2037,2045,2016
2051,2058,2096,2055,2065,2047,2040,2025
2060,2058,2087,2064,2056,2052,2041,2030
2060,2056,2074,2069,2065,2055,2038,2036
2060,2050,2063,2064,2075,2061,2047,2042
2051,2043,2052,2068,2073,2057,2048,2041
2049,2041,2052,2073,2071,2060,2063,2048
2046,2037,2055,2069,2071,2052,2054,2056
2041,2046,2054,2051,2059,2048,2062,2071
2043,2049,2064,2047,2056,2042,2062,2079
2047,2049,2062,2040,2058,2039,2071,2091
2046,2048,2058,2035,2049,2038,2062,2096
2041,2044,2053,2028,2047,2034,2059,2088
2038,2034,2044,2028,2037,2036,2038,2088
2037,2040,2050,2043,2047,2041,2060,2097
2043,2051,2052,2047,2046,2037,2037,2084
2052,2051,2052,2046,2043,2035,2040,2083
2049,2048,2050,2038,2036,2037,2046,2065
2052,2045,2047,2040,2038,2037,2045,2055
2047,2036,2050,2039,2038,2037,2046,2046
2042,2039,2042,2038,2043,2037,2035,2044
2053,2038,2042,2039,2038,2045,2039,2033
2047,2046,2046,2039,2042,2050,2035,2030
2052,2040,2037,2040,2039,2050,2029,2023
2050,2034,2039,2040,2042,2054,2035,2026
2050,2042,2033,2046,2041,2063,2038,2022
2050,2039,2040,2048,2052,2059,2050,2020
2050,2042,2035,2045,2044,2052,2039,2018
2049,2041,2034,2040,2041,2042,2043,2013
2036,2027,2020,2042,2038,2042,2040,2005
2036,2031,2030,2051,2052,2049,2035,2017
2051,2050,2041,2061,2064,2050,2043,2018
2052,2046,2043,2063,2059,2051,2030,2021
2058,2052,2049,2064,2047,2049,2041,2026
2053,2060,2057,2059,2045,2047,2044,2030
2053,2056,2055,2057,2043,2047,2042,2027
2053,2053,2054,2058,2045,2050,2042,2041
2050,2059,2049,2060,2043,2056,2050,2045
2056,2050,2048,2062,2053,2056,2027,2055
2061,2056,2047,2067,2059,2052,2050,2065
2055,2057,2054,2068,2053,2053,2055,2074
2055,2054,2041,2052,2051,2052,2047,2080
2048,2042,2034,2035,2041,2054,2039,2078
2050,2036,2030,2021,2040,2060,2026,2084
2048,2036,2036,2025,2033,2070,2010,2088
2041,2031,2031,2019,2032,2064,2027,2078
2039,2028,2034,2019,2030,2064,2040,2082
2047,2045,2040,2024,2019,2054,2037,2078
2044,2045,2041,2023,2019,2040,2038,2079
2057,2054,2045,2028,2021,2011,2030,2078
2058,2058,2050,2029,2017,2008,2034,2071
2055,2049,2046,2027,2012,2018,2020,2052
2046,2051,2044,2037,2035,2045,2018,2049
2048,2054,2062,2052,2059,2057,2024,2047
2055,2057,2062,2064,2078,2064,2029,2042
2058,2053,2059,2064,2090,2074,2035,2036
2055,2057,2058,2059,2082,2075,2044,2032
2058,2060,2059,2055,2066,2068,2046,2028
2056,2065,2058,2058,2066,2058,2053,2027
2064,2062,2054,2052,2061,2050,2039,2026
2059,2064,2056,2049,2054,2047,2030,2016
2049,2042,2040,2041,2050,2040,2032,2012
2049,2040,2042,2043,2050,2038,2041,2013
2056,2052,2046,2048,2046,2048,2052,2019
2059,2049,2047,2047,2045,2051,2036,2016
2058,2046,2045,2042,2052,2050,2057,2018
2060,2049,2048,2045,2050,2066,2057,2029
2053,2056,2048,2052,2063,2079,2058,2032
2059,2054,2044,2051,2063,2073,2066,2044
2062,2049,2043,2050,2064,2059,2057,2048
2054,2042,2041,2051,2068,2061,2048,2053
2057,2041,2037,2055,2064,2057,2060,2068
2060,2041,2036,2049,2062,2060,2059,2069
2059,2039,2034,2044,2066,2065,2053,2071
2058,2045,2028,2046,2070,2067,2048,2086
2053,2052,2023,2049,2062,2060,2053,2091
2055,2049,2017,2047,2060,2056,2044,2079
2042,2032,2010,2041,2054,2048,2034,2080
2040,2030,2006,2038,2052,2046,2039,2078
2043,2041,2009,2051,2052,2049,2051,2072
2040,2038,2014,2061,2051,2044,2037,2072
2043,2039,2016,2062,2061,2044,2040,2071
2052,2042,2014,2065,2055,2046,2048,2064
2058,2038,2018,2068,2061,2050,2039,2056
2049,2035,2024,2072,2053,2050,2039,2057
2052,2037,2033,2064,2053,2055,2043,2047
2057,2035,2035,2058,2052,2054,2036,2041
2054,2042,2036,2052,2056,2049,2054,2033
2062,2042,2038,2057,2047,2048,2047,2033
2058,2040,2031,2059,2044,2047,2041,2023
2057,2041,2035,2057,2044,2050,2048,2015
2057,2044,2031,2052,2033,2048,2052,2008
2054,2041,2041,2053,2046,2046,2041,2010
2043,2031,2027,2041,2034,2043,2032,2005
2040,2018,2021,2036,2038,2044,2047,2009
2048,2022,2026,2036,2033,2055,2055,2018
2056,2028,2026,2045,2032,2053,2043,2022
2052,2041,2045,2050,2042,2056,2045,2024
2051,2046,2066,2068,2044,2051,2043,2024
2054,2046,2082,2077,2045,2053,2045,2030
2062,2051,2093,2083,2041,2053,2052,2032
2063,2058,2092,2086,2045,2053,2034,2039
2057,2057,2091,2078,2043,2048,2040,2043
2056,2048,2084,2077,2048,2050,2066,2052
2051,2051,2072,2072,2050,2050,2055,2059
2055,2052,2074,2065,2054,2055,2062,2069
2049,2051,2065,2056,2058,2055,2056,2080
2053,2048,2058,2045,2055,2057,2060,2082
2053,2041,2049,2043,2053,2056,2054,2090
2048,2044,2047,2037,2047,2052,2047,2091
2045,2037,2046,2022,2043,2051,2051,2093
2047,2039,2054,2018,2050,2060,2048,2093
2056,2064,2058,2027,2053,2063,2055,2088
2058,2051,2052,2029,2051,2057,2064,2089
2060,2050,2052,2028,2045,2054,2056,2085
2056,2049,2056,2037,2049,2055,2054,2073
2061,2053,2059,2040,2052,2054,2058,2066
2066,2056,2058,2043,2049,2060,2061,2059
2065,2052,2058,2047,2048,2055,2058,2049
2060,2049,2058,2045,2045,2057,2058,2038
2061,2048,2071,2044,2043,2055,2051,2034
2064,2060,2067,2047,2038,2052,2026,2029
2072,2064,2063,2047,2037,2047,2059,2029
2062,2046,2058,2050,2032,2043,2056,2020
2052,2039,2049,2045,2036,2037,2041,2018
2053,2037,2038,2044,2038,2032,2046,2015
2046,2023,2031,2035,2030,2023,2044,2010
2034,2017,2025,2037,2035,2025,2043,2014
2039,2030,2037,2044,2044,2034,2058,2017
2048,2036,2038,2048,2049,2031,2056,2021
2051,2041,2042,2049,2053,2030,2055,2027
2057,2040,2035,2044,2048,2034,2057,2025
2056,2043,2021,2047,2054,2039,2040,2015
2050,2035,2004,2054,2055,2051,2061,2021
2043,2029,2001,2055,2060,2056,2062,2028
2040,2027,1988,2056,2060,2054,2060,2036
2037,2020,1986,2056,2050,2050,2060,2052
2033,2022,1981,2053,2047,2052,2064,2055
2044,2022,1986,2054,2052,2057,2056,2064
2045,2036,1994,2056,2056,2069,2066,2078
2054,2040,1992,2055,2057,2074,2059,2077
2047,2036,1991,2052,2052,2080,2044,2083
2056,2036,1999,2062,2051,2094,2043,2085
2044,2023,1998,2055,2040,2104,2037,2093
2045,2026,2001,2055,2044,2100,2054,2091
2059,2044,2024,2064,2039,2068,2045,2084
2047,2032,2028,2051,2025,2007,2040,2076
2045,2021,2022,2019,1998,1983,2029,2064
2042,2028,2040,2017,1989,1986,2028,2065
2041,2040,2090,2039,2003,2004,2035,2055
2053,2054,2121,2058,2012,2022,2037,2047
2062,2082,2140,2069,2029,2034,2038,2044
2064,2083,2142,2079,2039,2040,2056,2039
2064,2082,2140,2078,2039,2046,2058,2042
2064,2074,2125,2074,2038,2048,2047,2036
2060,2062,2094,2056,2029,2046,2025,2025
2062,2059,2077,2039,2029,2052,2040,2018
2067,2063,2074,2036,2036,2054,2050,2021
2068,2071,2080,2037,2042,2059,2050,2023
2069,2057,2067,2028,2034,2053,2048,2016
2063,2051,2064,2022,2031,2046,2057,2012
2062,2060,2071,2032,2043,2054,2052,2021
2067,2061,2067,2042,2043,2050,2060,2018
2056,2066,2064,2044,2035,2053,2048,2019
2063,2060,2064,2054,2035,2051,2067,2020
2055,2061,2068,2050,2043,2049,2054,2025
2060,2061,2068,2052,2044,2054,2057,2033
2071,2068,2072,2055,2058,2051,2066,2037
2064,2061,2064,2053,2055,2052,2044,2052
2062,2052,2056,2047,2054,2053,2041,2057
2064,2055,2055,2053,2052,2051,2039,2064
2066,2055,2059,2052,2055,2051,2051,2076
2058,2054,2053,2049,2049,2046,2055,2080
2056,2052,2059,2052,2044,2045,2053,2086
2060,2052,2058,2057,2037,2050,2064,2092
2053,2058,2047,2054,2038,2044,2044,2085
2048,2038,2043,2046,2036,2041,2058,2090
2049,2041,2038,2052,2041,2049,2047,2085
2050,2040,2034,2051,2036,2049,2043,2085
2054,2040,2029,2051,2034,2038,2060,2078
2054,2035,2027,2050,2031,2030,2059,2066
2052,2040,2029,2049,2038,2031,2070,2062
2053,2044,2028,2054,2026,2036,2064,2058
2058,2041,2024,2046,2033,2043,2069,2040
2058,2042,2023,2050,2030,2041,2056,2031
2051,2037,2009,2048,2037,2050,2061,2023
2053,2038,2006,2051,2039,2050,2068,2027
2053,2033,2004,2038,2031,2055,2065,2019
2052,2030,1994,2030,2034,2047,2063,2021
2047,2033,1998,2041,2034,2049,2043,2019
2040,2034,2019,2052,2038,2043,2040,2014
2050,2046,2035,2053,2037,2040,2037,2008
2047,2038,2036,2054,2036,2038,2050,2014
2047,2037,2042,2062,2045,2048,2068,2029
2050,2058,2060,2073,2052,2045,2072,2029
2060,2071,2077,2082,2055,2049,2064,2031
2067,2075,2074,2080,2053,2043,2060,2037
2069,2070,2070,2071,2060,2037,2049,2031
2062,2064,2077,2068,2059,2047,2049,2038
2064,2064,2074,2067,2065,2055,2066,2046
2060,2057,2071,2060,2058,2051,2051,2044
2063,2054,2068,2061,2064,2047,2049,2056
2058,2057,2072,2048,2060,2052,2058,2070
2057,2061,2065,2048,2054,2047,2072,2072
2056,2051,2062,2032,2054,2047,2071,2083
2053,2050,2054,2036,2049,2041,2063,2088
2053,2046,2057,2041,2047,2044,2047,2098
2054,2046,2046,2042,2050,2045,2048,2093
2045,2034,2029,2030,2047,2037,2035,2096
2046,2031,2034,2026,2047,2049,2036,2096
2049,2048,2038,2031,2050,2043,2062,2096
2049,2047,2041,2037,2054,2043,2065,2084
2052,2054,2055,2033,2058,2044,2049,2083
2056,2054,2055,2035,2052,2051,2061,2069
2047,2046,2054,2038,2052,2047,2049,2070
2046,2044,2054,2046,2047,2046,2038,2049
2049,2046,2056,2054,2050,2049,2048,2045
2044,2049,2051,2052,2046,2051,2049,2038
2051,2047,2048,2051,2044,2044,2043,2031
2044,2043,2046,2052,2047,2045,2046,2031
2042,2037,2044,2049,2046,2039,2039,2031
2039,2038,2035,2049,2049,2040,2049,2024
2043,2041,2037,2050,2055,2040,2048,2018
2047,2036,2040,2049,2044,2044,2045,2007
2038,2017,2022,2047,2040,2034,2041,2006
2038,2020,2018,2054,2039,2036,2054,2022
2050,2038,2033,2067,2044,2046,2059,2016
2045,2041,2037,2068,2044,2042,2046,2018
2050,2040,2040,2058,2050,2044,2047,2024
2053,2041,2036,2062,2040,2051,2055,2025
2045,2046,2029,2060,2047,2053,2052,2034
2047,2044,2030,2058,2053,2056,2058,2037
2044,2039,2031,2055,2053,2056,2068,2037
2049,2034,2035,2051,2060,2055,2057,2052
2044,2034,2038,2055,2064,2056,2065,2057
2043,2042,2035,2054,2061,2057,2056,2068
2042,2036,2030,2048,2067,2053,2032,2075
2039,2038,2025,2040,2058,2053,2050,2086
2044,2039,2025,2030,2056,2046,2054,2092
2046,2042,2031,2021,2040,2044,2054,2094
2039,2036,2032,2008,2028,2035,2040,2089
2041,2047,2035,2014,2030,2036,2047,2093
2049,2069,2038,2025,2038,2040,2040,2096
2052,2065,2029,2029,2044,2041,2041,2090
2064,2067,2031,2040,2042,2045,2023,2080
2064,2076,2033,2055,2044,2051,2020,2075
2064,2073,2034,2060,2039,2037,2017,2065
2064,2076,2049,2064,2038,2036,2021,2064
2067,2070,2042,2071,2040,2038,2024,2046
2063,2062,2034,2070,2045,2038,2045,2040
2057,2040,2024,2063,2036,2035,2039,2036
2054,2028,2014,2051,2038,2038,2036,2031
2049,2022,2019,2056,2042,2041,2038,2028
2053,2025,2023,2038,2037,2040,2042,2028
2057,2035,2018,2031,2034,2039,2044,2034
2068,2047,2028,2034,2037,2037,2035,2028
2056,2040,2017,2020,2028,2035,2017,2031
2054,2028,2020,2019,2021,2040,2044,2030
2058,2051,2044,2031,2040,2051,2053,2039
2065,2052,2053,2022,2033,2051,2050,2044
2062,2056,2053,2018,2043,2052,2070,2055
2066,2062,2062,2024,2049,2056,2060,2055
2073,2071,2068,2034,2060,2062,2071,2054
2075,2083,2082,2047,2063,2052,2052,2060
2074,2086,2089,2045,2059,2056,2061,2054
2068,2074,2074,2044,2056,2057,2066,2064
2071,2066,2052,2044,2059,2056,2050,2068
2064,2053,2036,2042,2067,2054,2034,2069
2061,2042,2022,2041,2062,2053,2036,2082
2057,2038,2015,2041,2068,2058,2056,2090
2058,2031,2007,2037,2058,2050,2047,2085
2048,2036,2002,2037,2058,2055,2045,2085
2044,2021,2001,2032,2055,2050,2038,2083
2041,2008,2000,2029,2056,2049,2051,2090
2048,2021,2009,2039,2054,2055,2064,2090
2057,2032,2008,2046,2052,2051,2057,2097
2058,2033,2012,2047,2044,2050,2049,2089
2061,2038,2027,2047,2050,2054,2047,2084
2063,2048,2059,2068,2051,2050,2036,2076
2068,2059,2074,2071,2047,2050,2061,2076
2062,2064,2087,2061,2038,2040,2052,2067
2071,2061,2097,2060,2034,2040,2059,2057
2069,2068,2128,2067,2035,2048,2049,2055
2072,2082,2144,2075,2051,2053,2056,2045
2072,2087,2131,2064,2048,2052,2057,2044
2071,2083,2103,2047,2051,2051,2064,2047
2068,2072,2079,2034,2041,2050,2056,2032
2067,2070,2063,2028,2041,2044,2061,2041
2060,2063,2065,2024,2036,2046,2056,2035
2057,2066,2067,2020,2035,2040,2056,2041
2065,2079,2070,2023,2048,2046,2052,2039
2067,2074,2064,2020,2055,2047,2048,2039
2071,2072,2049,2020,2052,2053,2051,2043
2075,2063,2043,2015,2054,2050,2057,2045
2064,2058,2034,2025,2050,2049,2035,2038
2052,2049,2034,2027,2049,2044,2045,2046
2054,2048,2026,2025,2043,2040,2041,2054
2049,2042,2035,2046,2052,2047,2054,2063
2054,2045,2048,2055,2055,2055,2052,2075
2057,2044,2052,2059,2064,2053,2039,2080
2064,2044,2053,2062,2062,2054,2050,2082
2054,2045,2053,2054,2059,2048,2053,2095
2064,2045,2060,2058,2059,2045,2056,2104
2058,2046,2058,2052,2051,2045,2056,2101
2052,2036,2042,2044,2043,2038,2058,2105
2041,2025,2035,2043,2034,2035,2038,2100
2043,2034,2048,2043,2036,2039,2047,2099
2046,2046,2054,2059,2040,2047,2041,2099
2052,2056,2052,2057,2039,2053,2045,2090
2057,2055,2042,2051,2049,2056,2058,2086
2050,2052,2038,2038,2049,2057,2072,2080
2049,2058,2031,2027,2039,2054,2054,2068
2056,2057,2032,2015,2037,2056,2048,2062
2056,2061,2040,2026,2041,2062,2077,2062
2061,2064,2045,2021,2048,2059,2078,2053
2059,2059,2049,2027,2054,2063,2058,2052
2058,2062,2035,2036,2052,2056,2064,2042
2059,2061,2032,2044,2048,2053,2042,2040
2060,2052,2031,2043,2047,2056,2046,2030
2059,2058,2037,2046,2057,2054,2037,2028
2058,2046,2030,2046,2050,2038,2034,2020
2044,2042,2028,2045,2046,2043,2030,2020
2052,2053,2036,2050,2062,2055,2042,2029
2052,2052,2036,2046,2063,2053,2054,2024
2052,2052,2036,2045,2062,2048,2046,2039
2058,2052,2040,2046,2065,2049,2045,2034
2055,2059,2045,2056,2066,2054,2044,2044
2052,2057,2047,2053,2072,2050,2062,2045
2053,2053,2052,2056,2078,2059,2055,2051
2050,2053,2059,2065,2073,2058,2044,2058
2047,2053,2056,2073,2073,2057,2055,2072
2047,2048,2052,2068,2074,2058,2052,2070
2051,2045,2051,2068,2068,2052,2055,2084
2050,2041,2052,2059,2063,2044,2053,2089
2047,2043,2039,2060,2064,2039,2037,2093
2047,2042,2039,2064,2058,2040,2037,2095
2036,2036,2033,2059,2051,2027,2050,2091
2042,2036,2026,2052,2042,2025,2049,2099
2045,2048,2033,2050,2039,2030,2052,2098
2046,2050,2039,2042,2037,2031,2043,2090
2050,2053,2038,2043,2034,2028,2053,2077
2045,2055,2035,2030,2016,2017,2041,2071
2047,2051,2035,2009,1992,2014,2041,2058
2045,2053,2030,2005,1989,2007,1996,2053
2047,2048,2031,2001,1992,2010,2014,2050
2046,2048,2037,2000,2007,2023,2029,2042
2047,2050,2044,2013,2039,2042,2051,2048
2052,2062,2055,2036,2068,2060,2061,2040
2062,2065,2051,2045,2078,2060,2060,2040
2060,2058,2045,2032,2076,2063,2056,2038
2058,2056,2045,2028,2067,2064,2060,2028
2054,2054,2052,2028,2052,2053,2050,2023
2047,2045,2046,2026,2041,2037,2040,2022
2050,2047,2042,2023,2046,2044,2023,2027
2057,2060,2052,2040,2054,2050,2048,2029
2060,2058,2046,2035,2058,2048,2053,2032
2058,2062,2050,2038,2058,2052,2053,2029
2058,2060,2045,2034,2063,2056,2052,2036
2053,2059,2036,2038,2060,2052,2063,2035
2056,2057,2039,2040,2061,2046,2048,2043
2049,2057,2041,2041,2065,2044,2042,2059
2054,2058,2040,2044,2069,2046,2054,2064
2049,2054,2035,2041,2070,2055,2061,2064
2054,2053,2039,2048,2069,2054,2056,2072
2052,2047,2037,2042,2069,2053,2055,2082
2047,2051,2035,2042,2060,2049,2058,2089
2044,2050,2034,2046,2060,2049,2061,2097
2046,2049,2034,2045,2060,2045,2037,2097
2035,2040,2024,2039,2054,2037,2046,2101
2034,2037,2025,2037,2054,2044,2043,2100
2047,2052,2030,2047,2064,2043,2052,2092
2043,2050,2037,2052,2065,2045,2063,2089
2048,2055,2043,2064,2067,2041,2044,2082
2046,2055,2038,2061,2067,2039,2057,2076
2051,2048,2037,2062,2064,2042,2051,2060
2046,2042,2027,2060,2064,2044,2032,2051
2050,2041,2027,2062,2066,2049,2062,2055
2044,2045,2026,2062,2064,2048,2039,2040
2048,2041,2019,2061,2061,2050,2039,2037
2049,2041,2011,2065,2058,2053,2045,2027
2046,2041,2002,2058,2058,2050,2043,2027
2046,2042,2005,2053,2055,2041,2047,2025
2042,2036,2007,2051,2058,2043,2043,2014
2042,2035,2001,2062,2059,2045,2037,2012
2042,2018,1989,2053,2055,2040,2027,2011
2036,2011,1981,2038,2044,2039,2039,2009
2038,2020,1985,2036,2053,2044,2054,2011
2037,2024,1981,2033,2048,2040,2052,2017
2045,2034,2010,2059,2054,2041,2060,2018
2046,2046,2035,2066,2065,2047,2029,2029
2051,2046,2046,2066,2060,2043,2063,2037
2060,2051,2054,2058,2053,2045,2043,2045
2054,2049,2059,2055,2047,2044,2031,2053
2055,2060,2075,2051,2053,2036,2043,2051
2051,2056,2078,2054,2057,2053,2044,2065
2055,2061,2085,2064,2070,2071,2070,2077
2054,2064,2074,2066,2071,2071,2049,2078
2050,2058,2064,2058,2058,2066,2068,2085
2054,2057,2047,2058,2045,2059,2048,2085
2047,2057,2041,2050,2029,2030,2050,2078
2031,2037,2026,2034,2022,1991,2035,2086
2028,2032,2015,2010,2025,2001,2046,2077
2023,2036,2023,2009,2045,2026,2050,2084
2029,2048,2041,2031,2072,2049,2039,2086
2052,2056,2036,2031,2076,2043,2027,2091
2055,2060,2039,2024,2068,2055,2060,2082
2053,2071,2058,2034,2070,2059,2063,2065
2059,2066,2072,2040,2071,2049,2051,2057
2049,2061,2064,2039,2056,2048,2034,2046
2056,2062,2062,2041,2052,2049,2030,2044
2058,2074,2067,2043,2044,2046,2055,2038
2061,2072,2062,2040,2035,2042,2042,2032
2054,2072,2062,2039,2033,2048,2040,2028
2050,2067,2073,2047,2027,2051,2060,2022
2056,2056,2066,2046,2022,2044,2054,2023
2052,2059,2050,2036,2017,2035,2042,2014
2034,2038,2028,2027,2013,2030,2040,2008
2029,2033,2023,2030,2029,2037,2052,2025
2044,2055,2043,2037,2042,2038,2060,2022
2048,2064,2065,2048,2039,2033,2057,2024
2050,2076,2089,2064,2041,2037,2062,2026
2052,2068,2090,2072,2052,2037,2047,2026
2049,2062,2074,2070,2053,2037,2058,2036
2046,2054,2054,2076,2057,2046,2064,2047
2049,2049,2045,2083,2066,2050,2053,2054
2052,2042,2035,2092,2076,2056,2053,2063
2050,2043,2026,2096,2077,2054,2059,2069
2050,2051,2024,2087,2082,2052,2057,2081
2053,2051,2031,2097,2078,2047,2037,2086
2052,2046,2038,2106,2076,2045,2057,2093
2045,2043,2038,2105,2069,2044,2046,2096
2046,2043,2049,2109,2077,2043,2044,2091
2037,2029,2042,2088,2064,2036,2047,2096
2033,2030,2048,2075,2043,2044,2044,2097
2051,2049,2053,2061,2045,2045,2047,2094
2046,2055,2050,2058,2041,2043,2052,2097
2044,2062,2049,2037,2039,2043,2051,2089
2046,2064,2041,2011,2039,2039,2045,2084
2048,2056,2043,2006,2031,2046,2048,2064
2045,2050,2037,2010,2036,2048,2025,2054
2046,2052,2046,2013,2038,2056,2043,2062
2050,2061,2047,2009,2046,2057,2048,2049
2060,2058,2038,1997,2042,2055,2047,2054
2056,2048,2016,1991,2040,2040,2038,2042
2041,2033,1996,1986,2025,2026,2046,2032
2049,2029,1986,1987,2019,2019,2019,2028
2046,2030,1981,1988,2018,2016,2034,2028
2050,2032,1973,1982,2012,2015,2032,2020
2033,2016,1971,1980,2006,2016,2049,2010
2033,2029,2000,2013,2029,2042,2046,2025
2050,2063,2038,2038,2046,2045,2077,2020
2048,2063,2049,2036,2055,2048,2073,2026
2046,2056,2057,2041,2065,2051,2061,2031
2046,2055,2074,2054,2066,2056,2075,2034
2047,2069,2093,2065,2073,2059,2072,2046
2055,2081,2103,2069,2067,2056,2063,2056
2056,2068,2111,2066,2060,2047,2055,2056
2052,2057,2106,2058,2052,2042,2057,2067
2058,2053,2098,2054,2050,2042,2037,2071
2057,2066,2115,2061,2059,2050,2036,2084
2055,2070,2102,2058,2054,2043,2043,2102
2060,2074,2094,2063,2057,2046,2048,2112
2065,2078,2096,2066,2054,2051,2057,2110
2053,2079,2085,2062,2049,2046,2043,2097
2048,2058,2063,2062,2040,2057,2047,2095
2039,2048,2060,2045,2029,2061,2047,2093
2046,2052,2053,2034,2003,2048,2040,2087
2041,2052,2045,2020,1968,2037,2036,2083
2041,2061,2056,2006,1951,2018,2052,2076
2047,2067,2062,2019,1945,1997,2049,2065
2049,2065,2059,2027,1971,1982,2033,2064
2050,2064,2056,2041,2001,2000,2045,2062
2051,2064,2052,2054,2020,2017,2030,2058
2056,2062,2055,2057,2027,2024,2051,2052
2057,2059,2052,2061,2057,2037,2051,2049
2052,2047,2044,2067,2061,2044,2032,2034
2041,2045,2043,2077,2061,2042,2040,2034
2044,2054,2047,2073,2065,2037,2040,2030
2053,2054,2049,2069,2056,2029,2035,2026
2045,2044,2040,2054,2048,2021,2034,2020
2036,2034,2032,2049,2062,2036,2040,2021
2037,2039,2034,2048,2084,2059,2057,2022
2046,2041,2033,2045,2077,2058,2056,2017
2050,2053,2035,2042,2079,2059,2051,2027
2045,2053,2042,2036,2076,2059,2058,2031
2045,2054,2033,2040,2088,2056,2060,2030
2047,2050,2022,2044,2097,2052,2031,2044
2054,2053,2020,2050,2085,2042,2033,2050
2054,2052,2022,2053,2072,2039,2057,2061
2049,2051,2019,2056,2066,2040,2049,2058
2047,2043,2002,2052,2069,2038,2063,2067
2042,2037,1992,2052,2067,2036,2052,2080
2035,2033,1979,2042,2054,2028,2025,2072
2025,2021,1978,2046,2062,2036,2044,2083
2032,2028,1979,2042,2053,2042,2050,2089
2040,2034,1978,2033,2048,2045,2060,2090
2037,2029,1974,2033,2052,2054,2065,2094
2047,2036,1983,2037,2051,2061,2077,2109
2052,2047,1990,2045,2043,2055,2060,2100
2058,2049,1998,2042,2041,2045,2052,2090
2056,2049,2027,2049,2042,2046,2030,2083
2057,2045,2047,2047,2041,2052,2048,2074
2053,2052,2072,2051,2036,2058,2049,2065
2061,2066,2111,2061,2035,2069,2057,2062
2062,2081,2139,2076,2046,2079,2052,2053
2068,2077,2135,2074,2035,2080,2056,2040
2067,2065,2109,2068,2038,2084,2060,2034
2064,2062,2083,2062,2039,2060,2066,2030
2055,2050,2063,2058,2040,2007,2061,2027
2056,2043,2060,2064,2039,2001,2055,2022
2059,2047,2051,2060,2039,2020,2060,2018
2060,2046,2043,2054,2037,2031,2058,2021
2049,2039,2052,2056,2039,2035,2048,2020
2054,2055,2067,2057,2049,2048,2057,2029
2059,2056,2069,2053,2047,2042,2077,2027
2058,2060,2074,2048,2040,2038,2072,2031
2063,2073,2083,2053,2050,2047,2058,2046
2074,2087,2103,2067,2056,2047,2062,2049
2076,2089,2109,2067,2053,2042,2062,2053
2075,2094,2106,2062,2056,2045,2044,2056
2068,2080,2101,2059,2055,2046,2045,2064
2065,2075,2091,2048,2049,2047,2059,2064
2071,2065,2073,2035,2045,2048,2075,2078
2064,2055,2067,2039,2050,2051,2070,2081
2060,2045,2060,2039,2052,2040,2053,2074
2049,2042,2060,2045,2047,2040,2061,2083
2051,2043,2060,2049,2054,2039,2064,2097
2047,2041,2055,2043,2042,2034,2065,2097
2042,2041,2060,2049,2045,2035,2063,2096
2053,2059,2069,2056,2051,2046,2064,2097
2059,2059,2064,2054,2041,2044,2069,2096
2059,2051,2068,2064,2043,2038,2053,2084
2061,2052,2058,2069,2041,2034,2051,2073
2053,2049,2055,2071,2037,2041,2046,2067
2056,2047,2049,2061,2036,2048,2037,2054
2061,2037,2045,2066,2030,2065,2045,2043
2053,2037,2043,2060,2022,2083,2042,2037
2056,2034,2038,2053,2018,2086,2044,2027
2050,2036,2032,2064,2026,2060,2052,2027
2050,2034,2026,2070,2026,2050,2050,2022
2052,2036,2024,2065,2032,2050,2041,2018
2052,2032,2027,2066,2044,2039,2052,2027
2056,2040,2033,2065,2053,2029,2051,2024
2053,2042,2030,2056,2041,2029,2054,2011
2040,2028,2025,2038,2040,2044,2066,2007
2042,2029,2029,2044,2037,2057,2067,2020
2045,2041,2026,2038,2044,2059,2061,2023
2049,2035,2031,2039,2039,2053,2053,2027
2051,2039,2045,2037,2038,2056,2049,2032
2059,2046,2045,2042,2044,2061,2070,2036
2060,2059,2050,2041,2044,2057,2055,2047
2062,2064,2068,2056,2048,2060,2058,2053
2066,2060,2084,2067,2049,2055,2074,2052
2057,2064,2096,2072,2052,2049,2057,2070
2063,2057,2081,2073,2051,2051,2061,2074
2061,2052,2070,2079,2051,2035,2055,2085
2069,2057,2057,2090,2042,2025,2047,2087
2065,2049,2045,2097,2041,2023,2053,2093
2061,2045,2032,2087,2040,2025,2050,2093
2056,2046,2021,2069,2036,2029,2024,2086
2046,2032,2007,2059,2032,2033,2024,2086
2051,2040,2020,2057,2036,2042,2056,2097
2063,2053,2036,2050,2045,2048,2061,2100
2058,2053,2054,2043,2051,2054,2059,2097
2057,2052,2054,2027,2053,2051,2054,2085
2059,2056,2065,2023,2052,2052,2049,2084
2061,2053,2064,2014,2042,2044,2043,2074
2062,2053,2064,2011,2034,2050,2065,2065
2068,2061,2070,2006,2039,2056,2059,2053
2065,2064,2079,2009,2037,2060,2057,2041
2071,2061,2076,2014,2038,2063,2065,2042
2065,2063,2081,2017,2031,2057,2066,2038
2065,2065,2081,2024,2029,2061,2047,2029
2073,2062,2086,2034,2020,2058,2058,2031
2065,2065,2085,2040,2024,2045,2041,2028
2067,2062,2084,2043,2031,2042,2040,2021
2057,2049,2076,2037,2042,2039,2035,2020
2056,2046,2074,2049,2070,2045,2052,2026
2063,2059,2073,2059,2068,2050,2048,2027
2063,2059,2073,2064,2062,2043,2054,2022
2061,2056,2063,2073,2056,2040,2056,2022
2062,2051,2065,2080,2061,2041,2049,2029
2058,2043,2061,2080,2056,2036,2070,2042
2063,2043,2064,2086,2056,2034,2041,2050
2061,2045,2060,2090,2060,2039,2045,2055
2063,2049,2058,2086,2071,2040,2037,2062
2066,2045,2047,2078,2073,2042,2054,2069
2059,2050,2037,2068,2073,2038,2053,2078
2058,2044,2036,2067,2076,2043,2062,2080
2060,2044,2039,2068,2100,2056,2058,2086
2057,2044,2034,2059,2113,2056,2049,2085
2058,2042,2017,2043,2101,2045,2050,2076
2042,2025,1993,2026,2069,2035,2040,2078
2047,2023,1992,2006,2034,2027,2035,2074
2049,2031,1992,1976,2002,2008,2042,2076
2054,2044,2009,1981,2014,1996,2055,2082
2062,2062,2049,1994,2056,2025,2079,2079
2061,2078,2085,2007,2090,2052,2072,2078
2065,2077,2082,2008,2076,2078,2056,2073
2067,2065,2063,2004,2002,2067,2064,2056
2048,2047,2038,1977,1876,2055,2052,2042
2048,2034,2023,1976,1880,2066,2050,2033
2048,2029,2028,1973,1892,2068,2050,2034
2054,2033,2018,1969,1903,2064,2059,2032
2054,2034,2014,1974,1903,2052,2046,2029
2060,2045,2033,2001,1930,2004,2024,2039
2067,2052,2045,2037,1971,1978,2035,2032
2064,2044,2042,2037,1986,1988,2027,2018
2044,2026,2030,2034,2008,2009,2019,2010
2042,2026,2042,2064,2071,2045,2065,2013
2054,2048,2056,2088,2134,2078,2061,2014
2057,2046,2062,2100,2148,2076,2069,2026
2060,2056,2069,2097,2139,2077,2058,2026
2064,2060,2078,2095,2135,2071,2046,2036
2070,2065,2078,2088,2118,2064,2053,2040
2070,2061,2077,2082,2096,2055,2051,2046
2070,2063,2072,2081,2090,2059,2038,2058
2068,2063,2063,2081,2084,2060,2053,2068
2067,2061,2067,2074,2086,2064,2056,2074
2066,2056,2066,2076,2065,2069,2044,2081
2068,2054,2070,2070,2055,2068,2064,2090
2059,2044,2061,2068,2037,2065,2083,2100
2061,2052,2067,2064,2017,2070,2073,2098
2063,2058,2064,2054,2020,2083,2073,2100
2061,2049,2053,2039,2015,2098,2056,2096
2065,2052,2053,2045,1985,2100,2063,2107
2071,2064,2055,2044,1958,2096,2047,2090
2063,2057,2053,2040,1945,2080,2048,2093
2054,2047,2050,2044,1968,2033,2057,2093
2056,2052,2046,2043,2009,1979,2040,2085
2067,2049,2043,2045,2041,1998,2030,2076
2057,2042,2036,2056,2095,2041,2035,2060
2062,2039,2032,2072,2159,2089,2052,2045
2062,2033,2041,2067,2158,2088,2053,2039
2061,2038,2045,2074,2153,2073,2064,2037
2058,2043,2049,2067,2137,2054,2044,2038
2059,2038,2050,2060,2124,2044,2051,2032
2053,2043,2044,2062,2141,2049,2047,2029
2056,2046,2052,2059,2138,2046,2057,2033
2054,2047,2048,2047,2080,2017,2046,2019
2047,2035,2029,2024,1989,2003,2052,2010
2044,2028,2026,2033,1986,2016,2047,2014
2051,2035,2033,2050,2012,2028,2053,2014
2046,2035,2040,2060,2050,2028,2055,2011
2051,2050,2059,2060,2033,2026,2066,2018
2053,2059,2065,2044,1897,2011,2048,2025
2057,2060,2069,2058,1939,2020,2066,2032
2059,2064,2063,2069,1945,2032,2077,2048
2067,2064,2066,2067,1929,2032,2072,2051
2058,2057,2059,2059,1947,2032,2075,2061
2059,2045,2050,2058,1973,2040,2057,2064
2052,2048,2045,2054,2020,2047,2057,2078
2055,2050,2048,2052,2018,2038,2051,2078
2060,2056,2040,2037,2004,2026,2064,2082
2061,2045,2044,2035,2010,2029,2061,2090
2056,2043,2039,2037,2000,2030,2052,2090
2046,2028,2019,2015,1994,2017,2051,2082
2036,2027,2012,2009,2027,2030,2046,2085
2041,2044,2027,2036,2105,2047,2050,2090
2051,2046,2041,2061,2165,2058,2054,2103
2060,2046,2049,2070,2159,2056,2045,2095
2066,2052,2053,2063,2124,2054,2038,2095
2064,2050,2058,2058,2075,2042,2039,2080
2061,2058,2060,2061,2038,2037,2052,2066
2065,2057,2046,2067,2049,2046,2056,2053
2068,2055,2038,2060,2026,2050,2061,2058
2068,2043,2031,2060,2022,2059,2070,2050
2064,2045,2037,2063,2087,2084,2076,2052
2061,2051,2039,2065,2122,2105,2079,2051
2058,2053,2032,2067,2140,2111,2081,2044
2058,2048,2031,2068,2153,2116,2080,2036
2064,2055,2034,2047,2122,2119,2073,2027
2055,2044,2028,2020,2065,2115,2070,2016
2056,2035,2023,2008,2016,2136,2054,2026
2064,2060,2042,2029,2101,2158,2080,2036
2072,2064,2050,2042,2151,2152,2085,2053
2082,2076,2062,2066,2202,2128,2094,2052
2094,2087,2073,2079,2198,2094,2095,2050
2079,2080,2083,2058,2084,2002,2072,2038
2062,2063,2074,2040,1951,1958,2035,2034
2050,2052,2066,2045,1899,1972,2039,2030
2051,2045,2068,2055,1932,2009,2055,2038
2056,2055,2075,2082,2004,2051,2056,2056
2064,2060,2085,2107,2061,2079,2071,2073
2072,2064,2095,2106,2095,2104,2070,2092
2072,2066,2091,2074,2004,2092,2068,2091
2067,2063,2085,2027,1854,2051,2053,2095
2068,2060,2069,1995,1789,2017,2043,2089
2055,2047,2057,1980,1854,1987,2025,2081
2047,2037,2046,1987,1936,1971,2023,2086
2055,2050,2057,2028,2036,1969,2038,2100
2063,2058,2063,2064,2145,1999,2048,2085
2061,2063,2061,2072,2209,2023,2050,2085
2060,2065,2060,2072,2207,2029,2052,2073
2060,2059,2048,2057,2054,2039,2043,2062
2050,2049,2034,2057,2047,2065,2051,2050
2050,2045,2037,2074,2116,2065,2061,2049
2051,2053,2037,2072,2072,2058,2056,2045
2062,2054,2035,2048,1993,2043,2059,2052
2065,2052,2036,2028,1931,2034,2060,2042
2064,2060,2042,2022,1982,2037,2072,2030
2072,2065,2053,2040,2046,2045,2058,2027
2068,2061,2063,2045,2036,2045,2043,2023
2062,2057,2063,2057,2042,2048,2060,2024
2057,2047,2053,2057,2046,2042,2058,2018
2060,2047,2060,2064,2042,2036,2046,2025
2063,2062,2071,2073,2041,2047,2058,2034
2072,2070,2071,2080,2012,2064,2070,2039
2072,2072,2066,2067,2014,2075,2044,2040
2072,2067,2060,2060,2044,2093,2068,2043
2071,2059,2047,2061,2062,2106,2083,2053
2070,2053,2036,2050,2035,2101,2069,2057
2059,2050,2031,2029,1965,2083,2057,2056
2060,2054,2038,2030,2021,2080,2051,2064
2068,2059,2039,2040,2097,2086,2047,2072
2069,2060,2047,2055,2165,2090,2067,2078
2059,2053,2037,2060,2242,2082,2053,2076
2043,2034,2021,2056,2277,2048,2043,2075
2038,2037,2027,2068,2310,2030,2051,2084
2038,2051,2043,2076,2256,2019,2053,2091
2046,2048,2041,2041,2056,1990,2047,2089
2046,2041,2034,2018,1953,1989,2051,2102
2054,2056,2049,2019,1945,2005,2057,2098
2052,2054,2045,2027,1993,2034,2054,2096
2055,2051,2048,2037,2041,2057,2055,2089
2058,2050,2049,2044,2090,2075,2050,2082
2053,2049,2044,2052,2092,2081,2032,2075
2061,2041,2036,2042,2064,2078,2037,2062
2048,2043,2034,2043,2040,2058,2044,2055
2045,2040,2028,2031,2015,2002,2047,2042
2050,2033,2026,2029,2011,1976,2052,2037
2061,2034,2028,2045,2027,2001,2052,2042
2057,2035,2035,2046,2043,2013,2056,2033
2052,2037,2032,2039,2056,2023,2052,2020
2045,2035,2035,2038,2075,2029,2041,2015
2041,2032,2037,2025,2024,2012,2039,2002
2041,2029,2031,2021,2072,2004,2012,1997
2037,2021,2028,2025,2095,2002,2022,2003
2038,2029,2037,2040,2104,2017,2034,2013
2046,2032,2042,2043,2098,2025,2044,2025
2049,2036,2042,2052,2096,2040,2042,2021
2052,2037,2050,2065,2102,2057,2039,2028
2051,2044,2060,2054,2065,2055,2043,2037
2058,2047,2073,2056,2072,2056,2054,2040
2066,2051,2069,2056,2071,2057,2057,2060
2070,2045,2059,2049,2043,2050,2058,2061
2072,2052,2063,2042,2016,2056,2058,2071
2070,2070,2086,2057,2031,2056,2048,2074
2071,2081,2096,2066,2041,2065,2077,2086
2070,2073,2084,2057,2011,2054,2055,2083
2065,2059,2078,2055,2004,2040,2067,2089
2063,2074,2079,2056,1996,2033,2080,2101
2053,2082,2069,2043,1967,2020,2052,2094
2044,2065,2061,2032,1943,2019,2048,2097
2041,2068,2066,2053,2015,2038,2055,2097
2062,2075,2074,2076,2036,2067,2068,2094
2061,2066,2066,2083,2031,2081,2070,2086
2058,2070,2057,2084,2076,2086,2062,2074
2055,2067,2061,2070,2139,2088,2055,2067
2055,2069,2056,2062,2168,2094,2064,2056
2057,2066,2052,2063,2175,2094,2064,2047
2064,2056,2048,2054,2142,2091,2076,2046
2060,2042,2040,2036,2074,2062,2063,2039
2057,2031,2026,2018,2011,2023,2021,2028
2048,2018,2019,2014,2010,1997,2012,2019
2047,2010,2022,2011,2014,1988,2023,2009
2041,2008,2016,2008,2035,1986,1999,2001
2042,1991,2009,2013,2053,1977,1998,2006
2042,1993,2018,2024,2014,1968,2009,2002
2043,1996,2024,2034,1991,1992,2035,2008
2046,2010,2041,2046,1995,2022,2039,2008
2060,2028,2052,2047,1997,2041,2056,2013
2057,2019,2044,2042,1988,2049,2047,2019
2061,2017,2048,2050,2028,2075,2049,2019
2060,2021,2048,2066,2077,2093,2048,2013
2056,2021,2047,2063,2117,2094,2062,2022
2053,2020,2052,2057,2139,2093,2052,2028
2056,2021,2050,2051,2130,2090,2064,2034
2056,2029,2052,2054,2142,2076,2054,2044
2050,2030,2052,2044,2129,2055,2064,2055
2049,2039,2061,2072,2188,2054,2088,2068
2059,2046,2077,2094,2206,2071,2098,2081
2049,2050,2075,2089,2162,2076,2093,2100
2048,2053,2072,2090,2164,2082,2077,2093
2050,2061,2070,2078,2008,2052,2071,2093
2050,2051,2059,2041,1839,1986,2056,2095
2060,2048,2064,2023,1819,1931,2057,2106
2066,2069,2071,2024,1831,1916,2058,2096
2062,2070,2066,2023,1805,1932,2012,2092
2048,2054,2047,2028,1789,1938,2005,2073
2047,2028,2030,2019,1782,1939,2008,2073
2051,2019,2034,2042,1854,1957,2000,2067
2062,2024,2043,2073,1908,1979,2010,2057
2060,2029,2060,2060,1845,1968,2022,2047
2057,2040,2066,2057,1912,1976,2020,2046
2052,2042,2073,2077,2001,2012,2026,2030
2060,2050,2084,2087,2019,2038,2025,2033
2051,2051,2079,2097,2011,2075,2058,2033
2060,2059,2082,2122,2080,2127,2061,2035
2061,2057,2074,2135,2122,2168,2087,2028
2064,2063,2067,2121,2081,2145,2085,2027
2058,2061,2050,2076,2026,2072,2068,2017
2054,2050,2028,2035,2019,1972,2061,2022
2049,2045,2022,2025,2141,2015,2052,2022
2042,2041,2002,2016,2227,2077,2044,2016
2034,2023,1985,2000,2284,2129,2049,2028
2039,2030,1997,2010,2309,2153,2069,2040
2052,2045,2016,2033,2230,2172,2105,2058
2062,2049,2023,2034,2077,2203,2097,2060
2059,2047,2027,2025,2019,2218,2104,2075
2071,2077,2040,2049,2013,2222,2101,2082
2080,2092,2044,2048,1987,2220,2079,2086
2067,2094,2049,2056,2000,2162,2060,2079
2063,2096,2058,2055,2015,1991,2032,2073
2048,2074,2042,2054,2076,1927,2034,2078
2047,2068,2057,2097,2264,2037,2066,2101
2059,2075,2077,2121,2372,2081,2078,2099
2052,2049,2059,2076,2309,2080,2055,2085
2047,2031,2033,2027,2180,2071,2065,2086
2045,2025,2027,1992,2086,2041,2044,2079
2041,2015,2018,1941,1940,2022,2016,2060
2031,2004,2006,1932,1855,2009,2011,2042
2035,2001,2012,1950,1777,1992,2010,2027
2034,2001,2019,2001,1932,2038,2015,2015
2040,2028,2036,2055,2170,2096,2033,2017
2049,2051,2057,2083,2286,2082,2060,2031
2056,2061,2064,2090,2285,2070,2048,2023
2053,2059,2059,2068,2195,2072,2031,2010
2049,2049,2053,2041,2024,2065,2037,2000
2039,2054,2061,2036,2005,2037,2030,1995
2036,2043,2054,2034,2011,1992,2012,1978
2033,2033,2050,2014,1984,1970,2015,1965
2030,2030,2044,2014,2001,1980,2008,1969
2028,2024,2037,2020,2015,1969,2018,1967
2029,2022,2039,2027,2011,1953,2004,1965
2034,2033,2051,2038,2027,2002,2020,1981
2037,2037,2046,2043,2035,2053,2031,1980
2033,2026,2040,2032,1988,2057,2004,1980
2030,2022,2038,2015,1940,2007,1982,1977
2026,2026,2034,2005,1935,2014,1991,1986
2020,2021,2030,2005,1945,2013,1982,1989
2018,2017,2023,2013,1981,2003,1993,2003
2028,2038,2030,2048,2049,2022,2027,2025
2051,2054,2037,2069,2085,2052,2053,2042
2057,2059,2040,2075,2112,2084,2057,2063
2059,2056,2032,2071,2099,2077,2042,2068
2059,2055,2025,2055,2067,2059,2039,2069
2052,2053,2025,2061,2098,2053,2027,2065
2051,2048,2012,2063,2114,2047,2005,2060
2040,2029,2002,2057,2090,2029,2018,2050
2029,2018,1996,2047,2059,2032,2008,2040
2026,2022,1998,2049,2041,2040,2015,2036
2019,2025,1996,2052,2070,2032,2008,2044
2024,2031,2009,2048,2080,2040,2011,2047
2034,2040,2034,2055,2063,2033,2026,2042
2047,2054,2051,2062,2047,2027,2031,2036
2048,2052,2052,2054,2039,2032,2026,2028
2047,2045,2050,2040,2028,2047,2038,2015
2043,2039,2046,2037,2023,2052,2032,2006
2036,2046,2051,2038,2066,2064,2042,2009
2044,2057,2062,2059,2074,2061,2031,2004
2049,2062,2082,2065,2044,2029,2033,2004
2045,2063,2076,2057,1988,2001,2030,2000
2054,2077,2080,2066,2007,2018,2040,1998
2058,2085,2102,2081,2024,2028,2040,2001
2061,2084,2106,2088,2048,2024,2031,1998
2054,2073,2095,2083,2077,2024,2039,1995
2053,2074,2092,2094,2110,2043,2032,1992
2049,2063,2077,2085,2124,2054,2036,1997
2049,2057,2065,2090,2137,2064,2031,2004
2049,2062,2068,2079,2127,2062,2033,2013
2059,2072,2077,2072,2124,2059,2021,2024
2059,2078,2082,2064,2126,2059,2025,2028
2061,2065,2072,2060,2123,2056,2039,2037
2060,2057,2061,2054,2124,2055,2024,2037
2053,2048,2044,2048,2126,2045,2026,2038
2049,2048,2045,2048,2108,2049,2030,2042
2045,2051,2056,2053,2067,2046,2042,2039
2043,2054,2053,2049,1990,2038,2029,2042
2042,2049,2057,2045,1947,2038,2037,2048
2032,2047,2061,2045,1963,2043,2036,2055
2026,2032,2048,2041,1982,2043,2046,2053
2026,2036,2042,2038,1991,2046,2036,2059
2030,2056,2051,2048,2016,2054,2038,2053
2030,2055,2052,2056,2024,2051,2043,2048
2031,2053,2048,2047,2031,2044,2031,2044
2028,2049,2054,2046,2025,2038,2005,2032
2027,2051,2049,2051,2044,2044,2000,2022
2027,2049,2046,2057,2072,2054,2012,2018
2030,2049,2048,2054,2070,2048,2021,2011
2036,2054,2045,2049,2054,2038,2006,2010
2043,2048,2037,2051,2044,2030,2030,2001
2036,2044,2036,2047,2045,2025,2017,2002
2033,2041,2035,2052,2050,2027,2019,2002
2035,2048,2042,2058,2052,2030,2022,1999
2041,2052,2040,2063,2061,2043,2029,1997
2039,2058,2046,2064,2067,2038,2023,1992
2037,2045,2042,2064,2069,2031,1990,1989
2031,2039,2031,2061,2058,2038,2004,1994
2037,2054,2037,2062,2050,2044,2015,1998
2041,2054,2030,2058,2046,2044,2036,2000
2039,2046,2032,2061,2056,2065,2040,2014
2039,2051,2034,2060,2072,2071,2051,2014
2048,2053,2039,2064,2068,2080,2050,2024
2041,2055,2045,2070,2086,2086,2035,2022
2041,2058,2048,2076,2088,2085,2034,2020
2040,2054,2045,2084,2084,2074,2031,2026
2038,2052,2045,2083,2084,2065,2036,2035
2036,2054,2046,2076,2077,2056,2051,2039
2035,2051,2043,2071,2058,2040,2038,2053
2034,2055,2051,2063,2034,2020,2028,2058
2033,2059,2051,2053,2019,2010,2038,2064
2031,2053,2042,2058,2036,2012,2045,2064
2024,2038,2033,2045,2028,2022,2034,2061
2027,2044,2049,2053,2036,2031,2051,2083
2041,2066,2072,2074,2022,2042,2032,2077
2042,2067,2070,2070,2000,2053,2048,2076
2045,2072,2072,2071,1992,2074,2047,2073
2054,2070,2074,2065,1973,2088,2044,2063
2050,2064,2068,2062,1949,2097,2057,2055
2049,2065,2065,2066,1975,2130,2059,2043
2042,2059,2055,2067,2001,2168,2068,2031
2048,2057,2052,2067,2020,2160,2059,2022
2042,2053,2050,2060,2040,2091,2033,1998
2037,2049,2046,2054,2121,2063,2009,1989
2027,2043,2045,2049,2178,2122,2021,1982
2020,2042,2046,2056,2213,2163,2024,1980
2024,2043,2044,2062,2257,2154,2025,1979
2029,2053,2049,2074,2270,2081,2034,1984
2026,2047,2049,2073,2252,2028,2026,1981
2022,2046,2047,2048,2078,1996,2022,1983
2027,2050,2049,2039,1960,2000,2025,1994
2031,2052,2048,2042,1932,1991,2035,1990
2024,2060,2053,2047,1913,1983,2016,1995
2026,2064,2056,2064,2000,2009,2001,1988
2032,2064,2064,2078,2050,2033,2027,1995
2035,2068,2066,2075,2042,2043,2017,2008
2034,2062,2062,2080,2050,2051,2050,2018
2031,2059,2059,2074,2038,2047,2045,2022
2029,2057,2066,2075,2039,2046,2036,2023
2031,2053,2058,2077,2058,2030,2035,2031
2027,2046,2051,2061,2045,2014,2035,2041
2021,2045,2039,2053,2049,2022,2031,2045
2021,2037,2030,2066,2077,2044,2043,2050
2021,2037,2032,2075,2059,2046,2034,2046
2008,2030,2019,2065,2043,2036,2024,2037
2007,2026,2017,2065,2038,2035,2018,2044
2008,2032,2018,2079,2041,2042,2016,2044
2010,2033,2005,2068,2033,2032,2026,2044
2011,2027,1996,2066,2020,2035,2021,2036
2015,2033,1990,2062,2041,2045,2028,2029
2015,2025,1990,2070,2061,2057,2021,2021
2015,2025,1996,2080,2100,2068,2033,2013
2021,2022,1996,2081,2109,2065,2022,2005
2022,2025,2002,2073,2103,2070,2009,2004
2019,2030,2007,2068,2105,2068,2043,2002
2022,2037,2002,2062,2094,2031,2029,2000
2020,2032,2010,2055,2077,2010,2005,1993
2016,2030,2014,2036,2074,1996,1996,1978
2014,2042,2035,2038,2065,2008,2011,1979
2019,2045,2060,2038,2010,2013,2031,1986
2031,2057,2061,2028,1958,2008,2028,1981
2023,2052,2075,2028,1971,2007,2011,1988
2031,2066,2102,2054,2031,2023,2025,1989
2037,2075,2114,2068,2088,2033,2024,1989
2042,2081,2127,2097,2107,2039,2036,1998
2050,2083,2135,2119,2142,2048,2051,2011
2052,2080,2122,2121,2157,2082,2070,2015
2059,2068,2105,2117,2151,2113,2081,2017
2050,2064,2083,2101,2091,2108,2052,2019
2045,2053,2070,2089,2028,2104,2052,2020
2041,2051,2062,2076,1938,2086,2064,2037
2039,2054,2057,2076,1937,2076,2048,2042
2034,2057,2064,2076,2004,2046,2061,2054
2031,2059,2058,2057,1980,2021,2069,2060
2030,2052,2051,2024,1857,1984,2037,2058
2027,2048,2049,1995,1873,1966,2027,2052
2028,2044,2047,2008,1987,2002,2024,2055
2030,2038,2034,2036,2130,2040,2037,2057
2032,2052,2050,2088,2208,2068,2050,2053
2034,2060,2057,2089,2191,2056,2018,2039
2040,2060,2057,2079,2161,2022,2011,2035
2034,2050,2056,2074,2132,2009,2016,2027
2030,2054,2059,2062,2090,2009,1988,2015
2030,2051,2054,2056,2048,2028,1992,2006
2025,2054,2053,2046,2008,2032,1981,1995
2022,2054,2054,2046,2011,2041,2012,1994
2024,2052,2056,2055,2012,2053,2019,1989
2026,2051,2050,2056,2020,2056,2011,1990
2031,2052,2045,2058,2034,2061,2030,1989
2029,2053,2036,2057,2037,2065,2018,1984
2028,2049,2041,2055,2051,2063,2035,1985
2031,2048,2046,2060,2038,2060,2035,1979
2034,2054,2046,2056,2025,2064,2042,1975
2020,2039,2043,2055,2035,2093,2049,1973
2022,2044,2043,2060,2052,2108,2048,1981
2026,2049,2045,2059,2044,2103,2056,1985
2030,2053,2051,2064,2088,2097,2067,1992
2033,2055,2053,2063,2106,2081,2064,1991
2027,2052,2045,2064,2100,2070,2050,1993
2027,2048,2046,2064,2109,2062,2044,2003
2028,2055,2051,2069,2110,2057,2046,2011
2035,2058,2049,2072,2096,2019,2050,2015
2031,2056,2046,2077,2080,1981,2055,2033
2030,2052,2046,2072,2074,1970,2052,2039
2025,2056,2049,2067,2069,1988,2049,2040
2021,2051,2042,2052,2047,1996,2058,2043
2027,2048,2042,2049,2042,2022,2036,2049
2027,2049,2053,2057,2053,2042,2048,2055
2029,2051,2044,2065,2066,2052,2033,2050
2020,2039,2035,2057,2061,2052,2018,2048
2019,2041,2032,2053,2051,2049,2028,2049
2013,2043,2037,2047,2044,2027,2025,2037
2012,2038,2028,2040,2045,2003,2007,2034
2016,2038,2025,2049,2042,1999,2006,2034
2025,2036,2027,2054,2050,2017,2021,2026
2015,2029,2024,2052,2062,2034,2036,2021
2021,2024,2023,2053,2064,2036,2043,2029
2019,2026,2024,2053,2060,2055,2053,2020
2023,2029,2025,2051,2060,2056,2055,2008
2021,2030,2025,2045,2054,2059,2020,1999
2020,2032,2021,2050,2043,2044,2023,1999
2022,2030,2023,2048,2034,2038,2010,1983
2019,2029,2020,2044,2026,2049,2031,1983
2020,2029,2023,2044,2018,2050,2025,1982
2016,2020,2018,2034,1998,2007,2023,1974
2014,2019,2021,2030,1983,2002,2013,1976
2015,2026,2028,2035,1980,2032,2041,1976
2026,2048,2049,2047,2006,2060,2058,1983
2034,2058,2065,2062,2027,2074,2065,1987
2039,2060,2074,2071,2036,2091,2062,1992
2039,2064,2077,2069,2038,2107,2067,2004
2043,2071,2078,2059,2053,2134,2061,2011
2058,2088,2081,2076,2083,2145,2057,2023
2061,2096,2088,2085,2081,2118,2051,2026
2058,2092,2090,2080,2073,2083,2055,2037
2049,2082,2085,2079,2067,1978,2027,2036
2045,2077,2079,2074,2075,1964,2018,2058
2044,2068,2077,2067,2081,2034,2052,2064
2035,2063,2077,2078,2085,2056,2043,2071
2035,2057,2072,2068,2068,2040,2031,2063
2033,2056,2065,2065,2067,2016,2020,2056
2021,2044,2056,2069,2071,2027,2018,2064
2021,2048,2061,2065,2076,2021,2031,2068
2027,2054,2068,2072,2065,2034,2033,2067
2038,2058,2071,2070,2067,2058,2022,2064
2033,2059,2069,2065,2068,2065,2039,2057
2029,2059,2070,2073,2066,2074,2052,2047
2023,2053,2062,2064,2063,2087,2069,2038
2033,2056,2063,2055,2056,2104,2074,2031
2035,2054,2058,2055,2052,2115,2037,2022
2031,2050,2057,2057,2044,2103,2052,2015
2029,2050,2053,2061,2036,2036,2024,1998
2017,2045,2051,2053,2021,1954,2013,1992
2018,2042,2046,2042,2013,1937,2015,1988
2010,2046,2050,2049,2030,1973,2036,1997
2022,2047,2056,2062,2046,2020,2064,1993
2027,2048,2053,2068,2054,2041,2040,1991
2014,2043,2046,2056,2061,2048,2035,1984
2018,2044,2052,2061,2064,2065,2034,1989
2024,2053,2049,2064,2063,2086,2036,1991
2022,2042,2051,2059,2063,2085,2023,1997
2018,2046,2052,2062,2063,2089,2033,2000
2027,2047,2050,2068,2067,2100,2007,2001
2029,2056,2049,2070,2070,2124,2007,2001
2025,2049,2043,2067,2079,2137,2007,2005
2025,2051,2042,2068,2077,2103,2006,2015
2027,2050,2050,2066,2062,1987,1989,2017
2026,2040,2041,2056,2053,1943,2018,2016
2015,2030,2043,2055,2056,2007,2042,2032
2012,2025,2034,2058,2062,2056,2049,2045
2015,2030,2037,2056,2058,2060,2060,2042
2012,2033,2039,2054,2054,2045,2065,2056
2015,2037,2040,2048,2040,2054,2060,2057
2009,2031,2039,2048,2040,2072,2055,2064
2021,2041,2051,2053,2036,2054,2060,2069
2027,2049,2057,2053,2034,2042,2051,2065
2024,2054,2066,2056,2028,2033,2027,2052
2026,2060,2060,2053,2029,2019,2024,2045
2030,2055,2059,2057,2034,2019,2017,2042
2034,2060,2060,2053,2034,2033,2041,2038
2033,2063,2065,2060,2044,2039,2033,2029
2035,2066,2073,2065,2049,2054,2044,2023
2039,2065,2070,2070,2058,2052,2020,2012
2031,2059,2066,2064,2049,2034,2013,1996
2027,2050,2056,2051,2043,2027,2014,1999
2024,2050,2058,2057,2032,2032,2000,1998
2032,2050,2064,2053,2041,2042,1987,1997
2035,2054,2063,2061,2040,2057,2009,1989
2030,2053,2066,2057,2043,2065,1999,1991
2027,2047,2065,2060,2046,2084,2018,1988
2031,2060,2068,2065,2059,2104,2044,1994
2033,2062,2065,2060,2064,2102,2039,1993
2031,2053,2068,2058,2039,2088,2041,1997
2027,2050,2063,2048,2032,2083,2045,1989
2025,2048,2060,2044,2006,2087,2036,1989
2027,2050,2054,2036,1988,2049,2032,1988
2021,2050,2049,2044,2001,2017,2039,1996
2023,2051,2057,2054,2040,2067,2064,2011
2028,2051,2054,2064,2050,2044,2067,2033
2028,2052,2066,2076,2076,1980,2066,2047
2028,2055,2070,2079,2101,1989,2066,2059
2027,2051,2060,2075,2103,1997,2046,2067
2022,2044,2054,2063,2093,2017,2036,2067
2022,2040,2050,2056,2072,2015,2054,2070
2018,2031,2039,2040,2051,2002,2066,2068
2015,2018,2038,2044,2046,2002,2059,2064
2019,2033,2042,2054,2057,2012,2042,2063
2017,2035,2042,2053,2067,2028,2029,2060
2018,2037,2035,2057,2081,2042,2048,2045
2012,2032,2033,2065,2077,2042,2046,2035
2015,2035,2033,2074,2080,2039,2044,2021
2017,2028,2030,2073,2070,2062,2024,2010
2017,2027,2029,2070,2060,2075,2030,2002
2016,2029,2026,2065,2058,2078,2012,1996
2023,2032,2021,2069,2063,2072,2014,2001
2026,2036,2030,2076,2071,2067,2034,2005
2016,2039,2035,2080,2074,2066,2047,2000
2027,2041,2030,2077,2075,2062,2055,2001
2031,2050,2029,2076,2065,2071,2042,2001
2037,2056,2029,2078,2060,2078,2037,2004
2032,2044,2035,2061,2043,2068,2030,1988
2023,2046,2044,2052,2036,2070,2049,1992
2025,2063,2071,2061,2040,2088,2067,1996
2027,2064,2083,2050,2037,2089,2060,2003
2032,2065,2075,2041,2040,2082,2040,1999
2038,2064,2080,2034,2034,2083,2043,2007
2035,2061,2078,2039,2048,2090,2056,2017
2036,2065,2080,2041,2055,2086,2058,2015
2038,2063,2075,2046,2063,2078,2048,2019
2038,2070,2085,2060,2061,2069,2039,2029
2043,2068,2090,2061,2062,2041,2030,2029
2035,2068,2086,2063,2074,2018,2031,2041
2034,2062,2077,2061,2072,2031,2041,2046
2026,2057,2069,2063,2073,2054,2066,2058
2033,2051,2066,2056,2072,2064,2057,2061
2033,2050,2066,2054,2072,2063,2056,2070
2025,2047,2057,2050,2060,2069,2051,2068
2023,2042,2054,2049,2064,2083,2060,2074
2031,2048,2060,2060,2074,2094,2063,2072
2028,2050,2059,2062,2076,2096,2063,2061
2028,2053,2063,2062,2088,2101,2078,2058
2033,2057,2063,2060,2089,2086,2062,2053
2031,2058,2061,2059,2074,2064,2058,2049
2031,2064,2059,2056,2069,2039,2045,2035
2029,2056,2059,2057,2059,2027,2052,2023
2031,2057,2059,2056,2049,2028,2047,2007
2028,2055,2060,2058,2040,1985,2041,1998
2016,2050,2055,2050,2030,1974,2036,1996
2017,2046,2047,2051,2041,2028,2046,1998
2023,2049,2053,2062,2051,2063,2058,1991
2028,2053,2057,2062,2069,2097,2059,1995
2028,2049,2057,2057,2062,2100,2052,1993
2014,2031,2043,2045,2048,2100,2011,1979
2012,2017,2034,2033,2034,2058,2001,1977
2013,2031,2046,2045,2028,2018,2004,1982
2018,2036,2048,2041,2031,2006,2005,1981
2024,2044,2048,2054,2037,2017,2014,1990
2028,2037,2047,2053,2060,2030,2039,2001
2033,2043,2047,2058,2062,2044,2048,2014
2038,2047,2050,2059,2051,2055,2064,2023
2036,2047,2046,2049,2034,2041,2068,2025
2028,2043,2036,2043,2021,2040,2057,2033
2030,2033,2036,2040,2025,2040,2040,2045
2036,2038,2032,2048,2037,2033,2040,2049
2027,2046,2037,2051,2043,2031,2053,2052
2027,2042,2028,2047,2040,2033,2052,2060
2017,2035,2020,2041,2038,2018,2042,2065
2019,2031,2018,2046,2041,2014,2039,2069
2011,2021,2013,2041,2032,2017,2049,2068
2010,2017,2013,2041,2042,2050,2061,2072
2017,2027,2026,2050,2054,2077,2043,2067
2015,2033,2030,2054,2049,2087,2050,2067
2020,2037,2029,2050,2053,2090,2048,2052
2021,2037,2034,2053,2055,2077,2044,2039
2021,2029,2026,2035,2038,2040,2017,2031
2010,2025,2027,2022,1993,2006,2012,2020
2009,2025,2037,2023,1960,2005,2016,2005
2014,2019,2028,2006,1941,2024,2003,1992
2007,2013,2024,1987,1941,2036,1987,1991
2020,2021,2040,2009,1988,2022,2016,2007
2039,2043,2073,2038,2024,1996,2029,2017
2050,2062,2108,2062,2042,1973,2034,2024
2056,2077,2119,2074,2083,1978,2041,2019
2061,2075,2105,2067,2097,1998,2051,2003
2049,2053,2078,2056,2081,2015,2062,1996
2040,2040,2062,2042,2074,2043,2069,1995
2038,2042,2064,2050,2076,2060,2069,1989
2038,2045,2066,2043,2070,2065,2080,1984
2029,2050,2064,2048,2065,2073,2059,1995
2032,2055,2076,2051,2064,2092,2070,2002
2041,2067,2079,2053,2069,2102,2071,2012
2041,2068,2080,2060,2060,2083,2058,2015
2036,2068,2081,2057,2052,1954,2054,2006
2030,2060,2074,2054,2049,1929,2035,2009
2020,2061,2083,2063,2061,1997,2047,2022
2025,2063,2089,2066,2074,2043,2066,2037
2024,2059,2080,2064,2078,2084,2067,2058
2025,2058,2075,2060,2081,2150,2077,2072
2025,2055,2070,2057,2085,2228,2093,2088
2037,2052,2072,2058,2085,2261,2099,2093
2034,2045,2054,2045,2064,2214,2091,2091
2026,2037,2050,2044,2065,2170,2085,2093
2027,2051,2056,2045,2055,2098,2074,2087
2031,2053,2061,2043,2044,2018,2045,2072
2029,2054,2057,2042,2038,2029,2034,2065
2023,2051,2060,2040,2030,2025,2038,2054
2032,2049,2059,2042,2028,2030,2044,2058
2029,2050,2060,2049,2037,2041,2053,2052
2035,2052,2060,2047,2047,2080,2054,2038
2037,2045,2056,2043,2044,2100,2043,2020
2029,2037,2046,2030,2024,2107,2038,2011
2030,2031,2041,2024,2010,2093,2045,2009
2028,2031,2039,2024,1995,2040,2046,2018
2035,2039,2047,2026,1991,1983,2032,2014
2031,2032,2040,2029,2003,2004,2034,2006
2019,2022,2029,2018,2019,2023,2040,2000
2016,2013,2029,2022,2040,2018,2027,1992
2014,2013,2038,2041,2068,2042,2015,1986
2016,2014,2038,2038,2072,2060,2035,1989
2018,2020,2026,2027,2077,2037,2050,1992
2013,2023,2026,2029,2074,2022,2031,1997
2024,2033,2027,2035,2069,2024,2045,2014
2034,2039,2038,2039,2069,2021,2048,2025
2032,2035,2033,2034,2052,2028,2039,2034
2033,2033,2028,2024,2043,2003,2033,2026
2022,2030,2021,2017,2040,1998,2020,2025
2021,2029,2038,2044,2078,2036,2044,2031
2032,2037,2049,2057,2094,2037,2057,2044
2036,2039,2054,2058,2077,2038,2049,2050
2029,2039,2050,2055,2069,2038,2043,2055
2027,2030,2048,2043,2061,2041,2048,2068
2023,2030,2053,2042,2061,2056,2060,2079
2024,2029,2052,2039,2052,2039,2040,2075
2028,2024,2049,2038,2050,2020,2039,2076
2023,2033,2064,2046,2052,2034,2052,2072
2028,2041,2073,2057,2056,2040,2062,2071
2035,2046,2074,2063,2061,2063,2049,2063
2028,2054,2066,2062,2068,2087,2070,2065
2030,2053,2064,2061,2073,2101,2080,2064
2027,2055,2063,2058,2057,2084,2051,2055
2033,2048,2060,2049,2053,2043,2056,2027
2016,2043,2062,2047,2044,2002,2056,2018
2012,2044,2062,2045,2054,1962,2030,2007
2018,2045,2061,2045,2048,1960,2035,2013
2042,2054,2067,2047,2053,1981,2045,2011
2073,2056,2065,2046,2053,2006,2054,2012
2054,2049,2065,2049,2053,2052,2063,2006
2040,2054,2059,2047,2052,2074,2050,2001
2036,2045,2064,2041,2043,2099,2042,1988
2027,2040,2056,2040,2027,2135,2039,1986
2031,2048,2060,2041,2019,2185,2066,2000
2033,2054,2072,2051,2051,2211,2075,2004
2039,2060,2080,2053,2065,2188,2068,2019
2047,2065,2084,2064,2063,2102,2058,2020
2040,2062,2077,2060,2045,1971,2049,2031
2040,2056,2069,2055,2014,1914,2038,2045
2047,2058,2071,2045,2016,1957,2058,2057
2044,2053,2060,2041,2010,2016,2055,2071
2040,2054,2056,2029,2033,2028,2047,2069
2038,2046,2048,2025,2054,2030,2052,2073
2038,2046,2050,2035,2083,2031,2040,2080
2037,2048,2060,2042,2067,1992,2037,2093
2045,2055,2070,2059,2079,1987,2041,2094
2044,2049,2061,2065,2106,2020,2048,2087
2025,2035,2046,2062,2129,2049,2028,2090
2025,2023,2039,2057,2126,2083,2047,2092
2036,2034,2042,2055,2079,2121,2082,2086
2035,2033,2037,2040,1978,2063,2069,2073
2035,2035,2031,2026,1942,2010,2052,2060
2027,2031,2027,2020,1971,1986,2040,2059
2030,2029,2017,2022,1992,2012,2024,2058
2025,2024,2015,2014,1983,1998,2014,2035
2028,2032,2021,2026,2020,2006,2015,2037
2038,2047,2038,2060,2058,2045,2035,2043
2046,2046,2039,2068,2089,2077,2027,2028
2041,2040,2033,2060,2092,2118,2045,2022
2031,2033,2030,2048,2052,2110,2069,2015
2038,2032,2027,2030,2028,2066,2056,2012
2041,2033,2024,2024,2014,2042,2042,2010
2044,2035,2026,2021,2022,2025,2018,2000
2031,2030,2022,2023,2036,2018,2007,1989
2029,2030,2029,2033,2073,2027,2030,1992
2034,2045,2039,2037,2082,2046,2044,1993
2043,2043,2034,2040,2076,2053,2027,2000
2045,2043,2033,2040,2064,2041,2009,2004
2044,2047,2036,2036,2054,2034,2009,2012
2040,2038,2031,2030,2053,2043,2037,2008
2034,2034,2024,2023,2053,2052,2047,2014
2033,2039,2026,2019,2044,2061,2052,2012
2035,2036,2023,2011,2051,2074,2056,2023
2033,2041,2024,2009,2060,2078,2076,2035
2033,2045,2040,2011,2057,2067,2052,2047
2031,2044,2046,2021,2062,2061,2023,2064
2030,2051,2055,2025,2060,2064,2032,2078
2028,2047,2057,2032,2064,2062,2022,2080
2029,2043,2056,2029,2053,2058,2053,2085
2017,2017,2040,2018,2042,2091,2053,2079
2015,2013,2034,2021,2026,2072,2026,2078
2026,2035,2042,2018,2012,2057,2034,2073
2031,2032,2053,2029,2019,2044,2044,2081
2049,2047,2067,2045,2017,2026,2058,2074
2050,2052,2077,2045,2013,1995,2056,2077
2044,2057,2083,2042,2029,1997,2060,2059
2052,2052,2076,2041,2029,2061,2066,2036
2045,2042,2076,2032,2035,2152,2079,2013
2043,2041,2065,2029,2009,2133,2071,2012
2046,2042,2065,2019,1973,1990,2053,2022
2047,2045,2061,2014,1962,1944,2041,2035
2052,2049,2065,2033,2010,1995,2058,2056
2059,2054,2069,2055,2053,2068,2037,2041
2050,2046,2067,2046,2066,2074,2053,2045
2054,2050,2076,2062,2100,2125,2072,2048
2056,2047,2067,2068,2090,2147,2103,2049
2060,2039,2051,2060,2059,2087,2060,2037
2061,2040,2041,2049,2059,2077,2057,2031
2052,2030,2028,2050,2071,2139,2049,2021
2052,2029,2025,2040,2073,2161,2065,2024
2040,2032,2029,2051,2077,2150,2068,2026
2043,2034,2030,2056,2060,2027,2030,2035
2057,2032,2035,2054,2061,1962,2056,2039
2049,2032,2036,2056,2068,1992,2056,2043
2041,2029,2033,2051,2078,2046,2052,2056
2028,2024,2031,2054,2085,2050,2067,2062
2035,2021,2031,2056,2077,2053,2043,2061
2032,2020,2031,2052,2066,2040,2017,2064
2031,2019,2028,2049,2073,2009,2007,2070
2030,2019,2027,2048,2061,1990,2001,2070
2026,2012,2024,2045,2044,1956,2025,2072
2020,2002,2016,2028,2027,1960,2027,2073
2023,1997,2020,2023,2018,1973,2031,2082
2032,2022,2042,2031,2021,2009,2032,2080
2039,2032,2048,2034,2030,2022,2040,2087
2049,2038,2058,2033,2028,2036,2062,2072
2043,2044,2062,2033,2049,2071,2065,2068
2049,2036,2062,2037,2044,2073,2049,2058
2049,2041,2057,2036,2042,2072,2060,2054
2049,2034,2047,2031,2051,2069,2071,2044
2049,2039,2045,2035,2048,2085,2073,2039
2049,2040,2049,2036,2049,2069,2076,2037
2050,2041,2050,2030,2044,2054,2058,2030
2045,2036,2045,2030,2044,2050,2063,2031
2047,2039,2046,2033,2049,2041,2064,2028
2040,2038,2049,2037,2050,2041,2040,2021
2043,2043,2047,2035,2041,2034,2038,2019
2039,2037,2042,2024,2034,2026,2026,2021
2041,2036,2037,2025,2039,2039,2019,2021
2042,2047,2046,2042,2040,2033,2045,2025
2045,2048,2044,2036,2046,2028,2046,2028
2049,2049,2048,2033,2038,2022,2063,2038
2050,2052,2058,2036,2035,2012,2058,2049
2053,2054,2055,2033,2012,1987,2069,2044
2053,2054,2056,2028,1993,1987,2071,2057
2047,2055,2056,2028,1994,2007,2076,2053
2053,2045,2045,2019,1996,1994,2064,2057
2041,2040,2054,2014,2011,2007,2080,2077
2050,2051,2065,2040,2053,2045,2096,2094
2058,2051,2059,2040,2068,2057,2092,2092
2040,2037,2051,2037,2056,2077,2068,2097
2042,2035,2051,2042,2070,2108,2076,2094
2045,2036,2047,2049,2078,2077,2052,2088
2032,2025,2042,2034,2052,2020,2021,2078
2027,2023,2044,2036,2045,2005,2016,2078
2036,2039,2054,2049,2055,2002,2016,2071
2037,2038,2047,2040,2047,2014,2027,2073
2024,2033,2048,2030,2028,2029,2029,2070
2024,2030,2041,2025,2022,2034,2013,2053
2018,2025,2030,2021,2029,2086,2025,2038
2015,2026,2025,2021,2042,2140,2022,2041
2015,2026,2024,2034,2048,2129,2038,2041
2032,2033,2026,2035,2053,2121,2026,2037
2029,2028,2019,2041,2051,2098,2047,2046
2056,2033,2025,2051,2069,2086,2072,2047
2065,2041,2030,2046,2054,2106,2083,2032
2047,2039,2020,2035,2030,2094,2068,2034
2046,2036,2010,2022,2019,2069,2025,2017
2039,2029,2008,2007,2027,2061,2059,2017
2036,2029,2021,2027,2037,2061,2042,2011
2039,2032,2028,2030,2048,2072,2060,2016
2040,2039,2043,2036,2054,2115,2065,2025
2048,2044,2039,2028,2043,2155,2060,2022
2038,2030,2039,2013,2021,2141,2037,2028
2030,2033,2044,2038,2054,2083,2041,2031
2031,2038,2057,2050,2090,1985,2036,2030
2034,2042,2072,2051,2090,1928,2045,2037
2040,2052,2077,2052,2080,1986,2070,2048
2043,2079,2088,2055,2074,2067,2074,2061
2047,2089,2092,2046,2065,2111,2080,2068
2053,2099,2110,2053,2049,2151,2068,2078
2047,2096,2107,2052,2056,2198,2069,2095
2047,2089,2102,2045,2026,2155,2069,2091
2040,2079,2089,2039,2024,2018,2026,2086
2041,2066,2087,2044,2043,1981,2041,2089
2045,2075,2090,2044,2043,1953,2044,2086
2035,2056,2071,2036,2041,1963,2031,2083
2028,2043,2064,2038,2025,1969,2052,2093
2035,2042,2066,2033,2010,1967,2048,2090
2039,2042,2063,2036,2007,1953,2052,2091
2038,2037,2056,2036,2020,1949,2050,2077
2036,2028,2057,2022,2006,1940,2037,2060
2027,2017,2041,1994,1978,1957,2029,2046
2031,2013,2037,2007,2012,2000,2027,2036
2034,2024,2053,2029,2018,2044,2035,2036
2036,2023,2048,2024,1986,2062,2010,2028
2038,2019,2037,2023,1986,2087,2033,2032
2040,2029,2041,2034,2032,2108,2064,2041
2049,2035,2056,2054,2070,2119,2069,2039
2055,2048,2059,2050,2077,2117,2068,2034
2046,2040,2060,2047,2067,2107,2067,2034
2050,2040,2055,2047,2060,2107,2069,2031
2043,2032,2046,2033,2047,2068,2080,2011
2037,2026,2039,2037,2050,2049,2077,2018
2041,2044,2045,2049,2076,2028,2077,2025
2046,2045,2043,2046,2082,2028,2076,2026
2047,2043,2045,2045,2067,2036,2066,2026
2042,2050,2044,2040,2071,2053,2084,2043
2057,2050,2047,2046,2078,2094,2097,2038
2050,2049,2040,2042,2072,2130,2090,2042
2051,2047,2036,2043,2078,2117,2074,2045
2046,2052,2035,2052,2099,2136,2073,2056
2056,2050,2042,2062,2101,2156,2068,2065
2053,2054,2035,2064,2110,2143,2063,2076
2060,2050,2038,2066,2132,2154,2072,2086
2051,2064,2046,2057,2098,2119,2043,2088
2052,2078,2046,2039,2044,2058,2031,2077
2046,2068,2048,2036,2028,2059,2026,2082
2042,2072,2041,2036,2049,2034,2015,2081
2034,2055,2027,2034,2044,2028,2018,2083
2036,2051,2022,2032,2021,2043,2038,2082
2034,2056,2018,2029,1996,2036,2034,2080
2041,2052,2012,2017,1993,2052,2038,2068
2043,2045,2002,2018,1996,2124,2065,2060
2041,2038,2004,2023,2015,2138,2042,2061
2053,2041,2010,2029,2007,2047,2032,2055
2052,2030,2003,2033,1988,1909,2020,2045
2045,2027,2001,2029,1993,1940,2019,2032
2041,2017,2000,2028,2003,2016,2043,2020
2034,2008,2002,2021,2018,2044,2049,2022
2029,2010,1998,2026,2026,2041,2034,2015
2025,2011,2000,2027,2030,2026,2047,2011
2025,2003,1995,2022,2019,1998,2040,2010
2023,2005,1999,2030,2021,2002,2052,2004
2029,1998,2008,2028,2022,2004,2038,1998
2021,1994,2007,2020,2010,2004,2035,1998
2013,1995,2025,2026,2006,2002,2047,2002
2022,2012,2046,2036,2012,2017,2055,2014
2030,2022,2053,2036,2016,2021,2046,2008
2031,2029,2057,2041,2028,2034,2040,2005
2028,2035,2056,2051,2036,2045,2064,2008
2029,2035,2058,2053,2037,2058,2061,1997
2021,2032,2063,2060,2041,2066,2054,2011
2024,2032,2063,2061,2038,2079,2085,2008
2024,2031,2069,2072,2045,2093,2091,2019
2024,2035,2064,2062,2040,2102,2094,2040
2038,2042,2051,2058,2041,2116,2088,2062
2083,2051,2050,2053,2037,2116,2080,2075
2074,2042,2049,2044,2035,2115,2066,2090
2048,2030,2034,2035,2039,2110,2068,2092
2042,2030,2036,2035,2039,2044,2046,2106
2049,2031,2042,2044,2042,2008,2056,2106
2040,2024,2044,2032,2036,2025,2061,2098
2041,2024,2043,2029,2060,2027,2049,2094
2042,2037,2046,2040,2078,1981,2065,2084
2053,2041,2048,2042,2053,1922,2061,2075
2051,2042,2050,2040,2034,1951,2061,2068
2052,2041,2041,2035,2013,1979,2056,2054
2052,2039,2037,2034,2002,1989,2047,2043
2052,2035,2032,2044,2005,2012,2040,2041
2051,2041,2037,2050,2013,2031,2053,2037
2062,2044,2042,2066,2019,2043,2072,2046
2060,2041,2045,2078,2040,2059,2090,2049
2054,2036,2041,2077,2071,2060,2079,2039
2050,2030,2040,2068,2088,2055,2060,2037
2052,2032,2040,2065,2087,2050,2049,2029
2052,2027,2042,2066,2091,2041,2041,2023
2051,2027,2033,2067,2079,2035,2040,2024
2048,2017,2030,2061,2046,2026,2040,2012
2046,2017,2036,2059,2033,2029,2042,2010
2048,2029,2037,2052,2043,2040,2050,2013
2053,2029,2033,2058,2056,2044,2053,2013
2048,2030,2037,2050,2006,2036,2056,2009
2045,2029,2029,2028,1950,2023,2052,2014
2040,2030,2040,2023,1982,2025,2057,2019
2045,2042,2056,2017,2000,2016,2025,2023
2043,2034,2054,2007,2005,2004,2029,2029
2034,2039,2052,2001,2011,2010,2050,2046
2043,2045,2061,2006,2023,2023,2066,2067
2068,2063,2066,2010,2036,2039,2094,2080
2068,2065,2052,2009,2047,2046,2109,2094
2065,2063,2035,2009,2056,2036,2102,2099
2060,2058,2028,2011,2053,2041,2080,2098
2053,2052,2033,2016,2046,2050,2085,2099
2051,2053,2038,2024,2040,2061,2070,2093
2052,2040,2032,2019,2025,2060,2061,2097
2048,2045,2028,2018,2034,2075,2074,2105
2056,2055,2054,2027,2028,2082,2067,2095
2060,2059,2060,2030,2037,2091,2061,2091
2054,2056,2060,2031,2040,2086,2062,2081
2055,2053,2066,2035,2043,2044,2043,2066
2047,2056,2067,2038,2040,1972,2019,2052
2052,2053,2066,2039,2029,1970,2026,2056
2054,2054,2062,2036,2029,2013,2037,2054
2056,2053,2055,2033,2027,2042,2057,2058
2060,2047,2049,2031,2031,2061,2052,2048
2063,2044,2043,2030,2015,2054,2025,2037
2048,2037,2046,2029,2027,2068,2048,2026
2052,2044,2043,2034,2032,2085,2058,2024
2052,2039,2045,2040,2036,2083,2051,2023
2048,2034,2043,2035,2021,2070,2056,2018
2035,2015,2030,2020,2004,2074,2050,2013
2043,2015,2031,2026,2018,2093,2070,2024
2051,2032,2043,2034,2033,2088,2061,2021
2050,2037,2048,2039,2033,2052,2053,2029
2053,2040,2041,2038,2034,2022,2057,2031
2048,2036,2043,2041,2037,2030,2067,2026
2047,2030,2038,2040,2053,2050,2065,2045
2051,2033,2038,2040,2050,2036,2061,2049
2051,2031,2028,2027,2035,2031,2077,2059
2047,2024,2023,2029,2026,2048,2082,2057
2049,2026,2030,2036,2034,2064,2087,2063
2053,2039,2031,2053,2054,2079,2071,2069
2052,2034,2041,2050,2057,2098,2074,2079
2049,2030,2042,2046,2054,2116,2083,2100
2054,2038,2040,2040,2039,2108,2066,2109
2059,2045,2041,2036,2030,2053,2041,2107
2054,2031,2032,2027,2015,1925,2034,2100
2053,2037,2031,2034,2004,1891,2028,2099
2056,2046,2042,2040,2009,1953,2039,2092
2052,2037,2037,2039,2012,2016,2021,2090
2047,2040,2033,2039,1985,2049,2030,2078
2057,2044,2034,2043,1989,2053,2051,2071
2067,2049,2044,2045,1991,2027,2021,2056
2059,2053,2044,2043,1966,1996,2006,2041
2054,2049,2039,2034,1968,2008,1995,2029
2044,2035,2023,2021,1988,2068,1994,2025
2048,2039,2038,2047,2058,2149,2046,2035
2058,2056,2052,2072,2105,2174,2076,2036
2063,2059,2051,2068,2112,2184,2082,2041
2076,2066,2051,2056,2101,2203,2070,2041
2078,2064,2048,2052,2098,2149,2072,2046
2079,2060,2045,2042,2049,1983,2038,2026
2061,2044,2031,2025,1990,1881,2025,2014
2051,2034,2020,2013,1970,1900,2013,2017
2056,2044,2033,2028,2002,1945,2029,2015
2061,2051,2040,2035,2015,2004,2036,2017
2058,2045,2044,2034,2034,2039,2049,2023
2059,2050,2038,2033,2044,2060,2057,2030
2060,2053,2046,2046,2059,2069,2061,2043
2061,2049,2042,2049,2062,2064,2064,2046
2060,2049,2045,2050,2061,2056,2057,2056
2053,2041,2043,2055,2065,2048,2060,2066
2052,2036,2039,2053,2059,2044,2052,2069
2050,2037,2039,2052,2058,2052,2050,2084
2049,2038,2039,2048,2052,2046,2058,2092
2056,2044,2046,2050,2050,2045,2049,2095
2059,2055,2053,2057,2062,2041,2053,2103
2059,2065,2063,2053,2060,2033,2058,2095
2056,2050,2051,2052,2048,2028,2058,2093
2048,2042,2050,2045,2049,2040,2059,2089
2052,2049,2044,2042,2046,2044,2056,2085
2050,2050,2045,2046,2042,2037,2058,2082
2059,2057,2054,2047,2046,2022,2043,2083
2063,2060,2051,2038,2034,2021,2035,2078
2068,2057,2052,2040,2013,2010,2049,2072
2074,2064,2058,2037,2004,2012,2037,2058
2066,2059,2059,2039,2006,2021,2031,2052
2064,2055,2063,2039,2003,2011,2025,2041
2066,2053,2062,2035,2012,2014,2035,2039
2068,2050,2063,2046,2034,2053,2039,2031
2060,2050,2056,2042,2022,2063,2030,2024
2053,2048,2052,2038,2020,2049,2023,2026
2055,2049,2047,2054,2055,2017,2043,2028
2056,2051,2052,2056,2073,2016,2038,2016
2033,2036,2042,2055,2081,2041,2060,2019
2043,2037,2044,2062,2095,2070,2079,2033
2065,2051,2046,2063,2094,2048,2064,2049
2060,2054,2049,2067,2074,2037,2074,2050
2064,2053,2053,2061,2062,2050,2078,2046
2061,2043,2045,2058,2054,2056,2077,2040
2062,2040,2043,2043,2043,2094,2081,2048
2065,2047,2039,2036,2018,2116,2047,2055
2057,2043,2035,2027,1986,2106,2038,2054
2050,2037,2026,2022,1977,2075,2031,2049
2043,2038,2032,2020,1978,2037,2038,2059
2051,2045,2040,2038,2014,1989,2047,2086
2055,2045,2044,2054,2069,2008,2059,2084
2045,2045,2042,2047,2070,2053,2043,2094
2051,2049,2044,2048,2069,2092,2044,2098
2053,2051,2040,2041,2050,2089,2039,2088
2041,2037,2034,2032,2032,2075,2024,2085
2042,2042,2036,2035,2036,2028,2037,2098
2058,2055,2046,2048,2040,2020,2053,2090
2052,2042,2039,2033,2026,2058,2050,2076
2043,2037,2033,2029,2011,2081,2067,2071
2038,2035,2031,2029,2007,2071,2064,2061
2039,2036,2025,2026,2010,2050,2069,2051
2037,2040,2029,2032,2029,2034,2060,2056
2045,2043,2040,2035,2038,2018,2059,2054
2046,2045,2040,2035,2029,2007,2039,2049
2054,2051,2045,2047,2052,1973,2027,2053
2064,2059,2050,2056,2069,1966,2054,2048
2061,2057,2048,2053,2076,2005,2034,2040
2057,2050,2048,2055,2087,2031,2060,2032
2061,2047,2044,2060,2084,2031,2061,2028
2059,2050,2046,2054,2071,2022,2050,2030
2047,2054,2052,2051,2060,2010,2052,2016
2045,2077,2064,2054,2063,2013,2052,2025
2057,2097,2064,2054,2070,2013,2049,2026
2061,2098,2065,2059,2073,2024,2069,2027
2059,2088,2059,2058,2076,2052,2062,2027
2051,2077,2057,2053,2072,2106,2047,2035
2053,2073,2049,2050,2074,2128,2041,2041
2065,2069,2057,2043,2063,2097,2060,2048
2055,2062,2051,2038,2060,2073,2051,2050
2054,2059,2040,2044,2058,2073,2046,2058
2056,2059,2036,2044,2058,2082,2051,2068
2056,2056,2032,2038,2057,2087,2066,2076
2050,2043,2028,2035,2053,2077,2077,2084
2048,2030,2028,2030,2043,2068,2064,2091
2057,2025,2019,2031,2041,2063,2057,2098
2054,2020,2008,2031,2040,2059,2036,2102
2049,2005,1997,2033,2037,2048,2048,2097
2046,2012,2001,2043,2047,2060,2033,2091
2055,2018,2005,2038,2048,2067,2038,2091
2058,2016,2006,2038,2045,2063,2037,2084
2054,2022,2015,2043,2043,2055,2037,2075
2051,2025,2018,2038,2028,2042,2040,2063
2053,2020,2019,2041,2025,2020,2031,2056
2046,2025,2014,2046,2030,2003,2024,2041
2048,2018,2023,2044,2033,2012,2012,2039
2049,2023,2028,2043,2033,2027,2036,2036
2056,2036,2048,2043,2036,2036,2015,2038
2060,2043,2051,2044,2028,2028,2028,2021
2062,2039,2046,2047,2025,2023,2033,2027
2053,2036,2050,2041,2022,2021,2025,2025
2063,2048,2060,2046,2031,2039,2036,2026
2065,2053,2069,2047,2028,2040,2060,2026
2060,2045,2072,2043,2030,2038,2055,2023
2062,2050,2080,2042,2017,2032,2043,2034
2068,2060,2084,2042,2014,2033,2056,2032
2068,2071,2094,2038,2022,2057,2062,2032
2064,2069,2095,2048,2020,2057,2063,2037
2066,2068,2082,2041,2012,2058,2072,2043
2065,2066,2073,2041,2025,2066,2044,2047
2066,2057,2067,2040,2034,2058,2051,2058
2066,2056,2064,2049,2037,2028,2049,2067
2054,2052,2058,2041,2036,2030,2041,2057
2050,2054,2052,2050,2044,2042,2056,2073
2053,2052,2055,2048,2084,2080,2076,2084
2054,2051,2047,2052,2116,2098,2053,2093
2050,2048,2048,2043,2112,2089,2073,2101
2062,2048,2049,2039,2098,2092,2071,2116
2061,2054,2048,2038,2081,2090,2071,2111
2047,2032,2034,2033,2061,2087,2080,2106
2056,2051,2041,2036,2059,2098,2088,2113
2060,2078,2059,2039,2057,2094,2068,2104
2062,2083,2068,2042,2047,2094,2067,2096
2060,2089,2070,2045,2041,2078,2081,2092
2066,2084,2068,2046,2082,2069,2071,2084
2061,2077,2054,2041,2086,2061,2050,2072
2054,2066,2046,2033,2084,2041,2052,2067
2057,2062,2047,2030,2081,2034,2042,2054
2047,2052,2043,2037,2092,2033,2052,2050
2055,2044,2037,2038,2083,2046,2050,2037
2053,2036,2032,2043,2085,2044,2029,2032
2056,2040,2029,2040,2044,2031,2013,2030
2059,2035,2028,2038,2009,1982,2009,2033
2058,2035,2025,2040,1973,1961,2019,2024
2058,2031,2029,2013,1905,1958,2018,2018
2052,2022,2027,2009,1922,1990,2041,2024
2058,2028,2039,2026,1965,2015,2050,2042
2077,2047,2057,2043,2036,2017,2041,2036
2069,2046,2062,2044,2068,2028,2051,2036
2069,2046,2064,2045,2048,2054,2053,2036
2065,2046,2060,2050,2027,2089,2053,2049
2065,2043,2054,2049,1996,2099,2056,2059
2069,2044,2042,2044,2014,2074,2050,2057
2064,2034,2020,2035,2015,2078,2056,2064
2058,2032,2002,2028,2019,2086,2049,2075
2059,2032,1987,2033,2012,2092,2062,2082
2054,2029,1988,2045,2028,2109,2082,2100
2055,2033,1992,2056,2070,2120,2085,2105
2055,2029,1991,2060,2093,2123,2084,2109
2058,2033,1988,2057,2070,2099,2064,2100
2058,2025,1997,2036,2032,2075,2058,2098
2052,2015,1992,2032,2060,2098,2058,2099
2048,2010,1991,2044,2083,2125,2049,2103
2053,2024,1997,2048,2081,2114,2051,2106
2053,2024,1997,2050,2081,2013,2051,2083
2044,2028,2005,2049,2074,1936,2006,2074
2044,2028,2024,2064,2078,1975,2017,2076
2050,2038,2047,2077,2075,2028,2029,2077
2057,2043,2069,2079,2072,2063,2057,2073
2064,2055,2082,2072,2068,2074,2050,2063
2059,2062,2100,2078,2078,2088,2051,2058
2064,2070,2116,2085,2077,2094,2067,2047
2064,2072,2120,2077,2079,2096,2051,2042
2066,2069,2125,2072,2065,2085,2049,2039
2062,2073,2125,2053,2044,2059,2047,2037
2066,2076,2120,2052,2035,2052,2027,2036
2065,2072,2108,2042,2033,2061,2037,2033
2062,2050,2079,2027,2032,2041,2043,2024
2054,2044,2062,2027,2046,2020,2060,2032
2064,2060,2074,2045,2075,2027,2088,2045
2060,2058,2074,2042,2081,2055,2078,2043
2059,2052,2065,2034,2064,2049,2083,2044
2054,2050,2049,2019,2055,2037,2057,2049
2053,2042,2042,2000,2053,2055,2047,2046
2057,2038,2034,1994,2052,2076,2062,2055
2053,2036,2025,1980,2039,2091,2066,2062
2051,2037,2035,1994,2060,2140,2050,2073
2057,2045,2045,2009,2073,2208,2058,2077
2060,2055,2049,2011,2065,2256,2036,2074
2052,2051,2050,2020,2064,2210,2016,2081
2053,2057,2055,2040,2072,2076,2031,2079
2057,2062,2059,2038,2066,1932,2014,2078
2054,2055,2051,2035,2057,1869,1982,2076
2040,2038,2035,2020,2049,1936,1998,2086
2047,2040,2038,2020,2043,2023,2018,2100
2060,2062,2049,2030,2048,2072,2037,2104
2067,2060,2046,2031,2041,2091,2045,2111
2070,2062,2054,2034,2037,2132,2059,2100
2070,2055,2047,2028,2028,2134,2043,2094
2068,2057,2045,2023,2008,2059,2023,2067
2055,2050,2040,2017,1987,1964,2000,2043
2057,2047,2036,2007,1962,1969,2015,2044
2060,2048,2035,2005,1948,1978,2008,2038
2051,2044,2037,2002,1939,2007,2016,2027
2045,2041,2039,2006,1935,2035,2024,2025
2039,2035,2036,2001,1936,2016,2025,2027
2034,2040,2038,2013,1968,2027,2035,2029
2041,2048,2054,2039,2021,2046,2050,2033
2057,2061,2063,2062,2049,2011,2047,2031
2053,2054,2049,2066,2096,1999,2038,2031
2055,2054,2058,2077,2136,2041,2072,2048
2056,2065,2063,2082,2139,2066,2058,2044
2064,2071,2065,2083,2130,2070,2059,2043
2063,2073,2062,2077,2097,2054,2041,2037
2052,2047,2050,2055,2074,2055,2047,2041
2049,2036,2045,2050,2070,2059,2024,2041
2053,2034,2040,2034,2071,2052,2046,2044
2056,2039,2038,2043,2085,2047,2044,2052
2052,2034,2042,2048,2104,2046,2063,2061
2049,2038,2041,2042,2089,2047,2051,2066
2046,2040,2040,2038,2074,2046,2046,2072
2043,2045,2036,2037,2055,2047,2039,2081
2041,2047,2039,2032,2031,2051,2030,2085
2046,2039,2040,2033,2004,2047,2021,2088
2041,2041,2044,2037,2001,2043,2017,2088
2043,2038,2041,2030,2008,2023,2028,2085
2042,2049,2039,2044,2045,2009,2033,2105
2057,2066,2050,2070,2067,2033,2042,2106
2060,2061,2051,2086,2106,2072,2052,2099
2053,2058,2044,2080,2138,2096,2044,2084
2047,2054,2047,2067,2150,2106,2024,2074
2052,2048,2049,2058,2137,2093,2031,2064
2048,2055,2061,2056,2110,2073,2037,2055
2057,2056,2058,2041,2087,2051,2035,2049
2056,2059,2065,2048,2087,2030,2032,2059
2058,2058,2068,2056,2111,2046,2047,2055
2061,2062,2064,2043,2076,2031,2061,2056
2064,2056,2052,2029,2049,2020,2054,2051
2067,2060,2046,2034,2032,2026,2054,2042
2065,2053,2051,2033,1955,2035,2058,2039
2066,2064,2067,2040,2022,2052,2056,2038
2063,2062,2066,2052,2071,2062,2051,2030
2063,2059,2067,2054,2114,2074,2060,2034
2067,2067,2067,2062,2133,2083,2062,2039
2065,2065,2065,2049,2106,2093,2054,2050
2067,2064,2063,2051,2049,2106,2066,2047
2066,2062,2059,2056,2060,2111,2063,2054
2067,2060,2063,2066,2061,2115,2066,2059
2064,2061,2067,2071,2058,2096,2059,2062
2067,2056,2058,2042,2036,2071,2078,2068
2057,2054,2054,2034,2005,2068,2056,2061
2049,2046,2047,2016,1969,2059,2070,2079
2057,2046,2046,2008,1943,2028,2067,2077
2058,2046,2050,2006,1932,2000,2076,2096
2060,2047,2045,2011,1988,1954,2077,2107
2062,2049,2049,2022,2012,1919,2070,2111
2064,2050,2045,2034,2007,1962,2070,2113
2057,2047,2046,2041,2000,2036,2062,2111
2058,2046,2046,2037,2006,2130,2086,2107
2058,2058,2049,2034,1958,2165,2065,2096
2058,2054,2040,2017,1918,2137,2056,2078
2048,2053,2041,2009,1862,2072,2023,2077
2049,2054,2031,2001,1850,1971,2014,2084
2054,2053,2037,2028,1913,1911,2033,2084
2057,2056,2041,2049,2022,1978,2073,2078
2066,2063,2045,2066,2100,2078,2088,2081
2075,2063,2050,2076,2158,2137,2098,2067
2073,2053,2038,2076,2173,2122,2086,2063
2071,2057,2037,2072,2171,2091,2071,2065
2062,2049,2035,2067,2153,2056,2048,2052
2059,2046,2033,2063,2140,2042,2052,2033
2059,2052,2036,2053,2108,2038,2066,2037
2066,2057,2044,2058,2119,2004,2044,2025
2061,2040,2038,2051,2128,1975,2037,2021
2056,2036,2030,2054,2105,1980,2044,2021
2056,2048,2038,2058,2015,1971,2046,2029
2062,2051,2036,2043,1989,1973,2042,2032
2055,2044,2034,2054,2023,1997,2029,2031
2054,2050,2030,2059,2047,2020,2031,2030
2052,2054,2042,2058,2052,2031,2035,2042
2048,2063,2045,2058,2063,2041,2037,2053
2064,2084,2049,2051,2066,2044,2044,2056
2054,2082,2050,2049,2056,2048,2045,2061
2053,2084,2053,2052,2055,2057,2055,2070
2059,2082,2062,2053,2059,2057,2051,2082
2056,2070,2064,2046,2071,2063,2057,2086
2048,2058,2051,2032,2070,2076,2027,2091
2047,2054,2042,2029,2085,2048,2038,2106
2049,2049,2044,2041,2101,2032,2047,2113
2054,2034,2034,2040,2098,2028,2035,2109
2041,2022,2028,2042,2089,2040,2035,2110
2053,2036,2044,2049,2087,2073,2052,2107
2055,2034,2040,2052,2091,2069,2050,2105
2059,2037,2037,2044,2074,2062,2068,2099
2058,2028,2037,2047,2059,2060,2065,2097
2057,2029,2030,2046,2049,2036,2047,2085
2064,2034,2026,2042,2034,2019,2023,2078
2066,2029,2028,2043,2051,2020,2039,2077
2067,2022,2031,2044,2055,2026,2048,2072
2067,2027,2028,2044,2062,2034,2050,2065
2067,2029,2028,2037,2059,2039,2029,2065
2062,2029,2019,2027,2060,2038,2037,2063
2063,2039,2019,2028,2063,2074,2050,2062
2074,2046,2034,2041,2069,2120,2060,2052
2076,2047,2042,2053,2092,2106,2033,2054
2067,2044,2033,2049,2108,2052,2018,2038
2052,2029,2029,2053,2092,2040,2019,2032
2051,2040,2040,2066,2116,2079,2031,2039
2055,2056,2058,2080,2159,2134,2065,2055
2074,2080,2075,2088,2181,2158,2083,2069
2095,2088,2082,2102,2169,2141,2080,2070
2083,2078,2074,2090,2158,2094,2054,2062
2077,2076,2072,2080,2105,2012,2057,2071
2079,2085,2079,2070,2084,1988,2041,2073
2075,2079,2078,2054,2021,2010,2048,2067
2060,2074,2064,2010,1865,2023,2067,2070
2059,2064,2059,1998,1854,2045,2061,2095
2065,2071,2068,2018,1957,2107,2084,2112
2074,2072,2057,2023,2004,2130,2071,2121
2076,2066,2056,2021,1978,2106,2059,2124
2068,2070,2062,2036,1937,2103,2059,2134
2072,2067,2061,2037,1916,2095,2042,2129
2065,2062,2061,2041,1943,2103,2038,2120
2060,2062,2061,2035,1967,2095,2043,2114
2058,2057,2052,2032,2003,2095,2036,2111
2053,2058,2050,2047,2070,2095,2051,2105
2053,2057,2054,2037,2044,2111,2047,2105
2058,2063,2059,2031,1960,2123,2066,2093
2061,2066,2060,2041,1971,2133,2056,2085
2061,2064,2054,2029,2038,2119,2069,2077
2063,2060,2044,2019,2088,2100,2053,2069
2050,2046,2040,2023,2146,2094,2051,2057
2050,2053,2036,2041,2163,2098,2069,2048
2055,2049,2041,2064,2134,2112,2044,2025
2036,2046,2038,2055,2049,2109,2051,2022
2039,2046,2030,2029,1989,2092,2031,2016
2043,2039,2021,2010,1941,2048,2002,2017
2050,2030,2011,2009,1948,1987,2000,2020
2034,2014,2000,1997,1952,1888,1968,2020
2037,2024,2007,1997,1974,1813,2000,2031
2059,2056,2041,2046,2047,1845,2022,2044
2073,2076,2070,2079,2098,1917,2041,2057
2088,2090,2077,2080,2076,1964,2053,2055
2087,2085,2073,2075,2079,2003,2043,2043
2085,2082,2074,2066,2090,2038,2032,2045
2079,2077,2074,2062,2123,2059,2010,2040
2069,2072,2062,2070,2126,2060,2019,2047
2063,2063,2056,2075,2114,2073,2054,2059
2059,2054,2054,2064,2077,2073,2046,2069
2056,2046,2050,2062,2098,2076,2018,2077
2056,2051,2057,2061,2124,2079,2030,2081
2055,2050,2061,2065,2128,2081,2047,2102
2063,2059,2062,2071,2120,2090,2036,2106
2063,2065,2060,2072,2135,2066,2036,2117
2065,2063,2060,2066,2179,2060,2045,2117
2060,2049,2050,2059,2210,2089,2047,2120
2064,2050,2049,2052,2191,2122,2045,2110
2066,2056,2048,2040,2124,2149,2070,2104
2062,2062,2051,2037,2099,2189,2084,2102
2070,2064,2057,2060,2060,2211,2074,2106
2072,2071,2061,2057,2018,2246,2064,2097
2075,2070,2060,2046,2051,2185,2053,2083
2076,2070,2053,2044,2125,2022,2027,2063
2063,2059,2052,2038,2083,1974,2038,2054
2063,2060,2043,2028,1996,1978,2012,2044
2060,2052,2043,2034,1930,1986,2037,2046
2060,2057,2054,2063,1944,2038,2034,2053
2068,2068,2068,2103,2043,2070,2066,2061
2064,2069,2066,2084,2052,2059,2063,2065
2071,2066,2055,2050,2034,2039,2065,2060
2070,2064,2055,2060,2085,2034,2064,2054
2071,2062,2058,2095,2109,2060,2061,2048
2069,2053,2049,2078,2008,2067,2056,2037
2059,2049,2046,2042,1906,2062,2049,2029
2056,2056,2064,2032,1862,2039,2046,2033
2057,2056,2061,2006,1771,2018,2051,2034
2055,2049,2040,1977,1759,2055,2046,2027
2045,2037,2037,1993,1876,2104,2065,2032
2041,2037,2034,2021,1970,2065,2053,2042
2048,2045,2046,2041,2063,1961,2055,2050
2059,2047,2046,2053,2135,1982,2061,2056
2064,2057,2048,2060,2138,2055,2065,2068
2063,2059,2051,2054,2080,2063,2056,2085
2062,2054,2048,2055,2055,2028,2035,2091
2053,2057,2047,2057,2074,2010,2001,2080
2052,2054,2048,2056,2062,2004,2000,2086
2047,2048,2048,2049,2000,2011,2005,2086
2035,2039,2034,2037,1984,2026,2005,2086
2039,2032,2037,2039,1990,2028,2002,2089
2048,2044,2035,2047,2021,2036,2008,2092
2047,2037,2034,2058,1992,2044,2027,2090
2043,2039,2026,2054,1949,2028,2032,2088
2042,2035,2026,2050,1996,2013,2044,2087
2061,2033,2022,2050,2041,1999,2047,2071
2060,2028,2019,2047,2070,1976,2039,2059
2056,2035,2024,2050,2101,1970,2032,2044
2055,2041,2027,2051,2088,1996,2048,2046
2065,2050,2041,2053,1981,2059,2051,2033
2053,2044,2026,2034,1952,2081,2045,2026
2046,2034,2020,2023,1966,2095,2050,2019
2048,2033,2027,2018,1932,2067,2048,2017
2042,2014,2016,2018,1875,2042,2056,2029
2049,2022,2027,2042,2034,2014,2054,2032
2053,2027,2033,2062,2181,2020,2041,2021
2049,2039,2032,2071,2177,2022,2044,2023
2056,2057,2049,2079,2162,2029,2059,2036
2074,2066,2053,2083,2134,2028,2059,2040
2072,2070,2058,2062,2068,2026,2044,2036
2060,2063,2058,2041,1999,2009,2056,2032
2048,2055,2053,2031,2062,2026,2047,2036
2048,2051,2075,2059,2175,2076,2063,2055
2061,2061,2083,2086,2210,2096,2077,2063
2060,2066,2069,2099,2224,2101,2083,2066
2048,2057,2065,2100,2221,2095,2076,2079
2050,2058,2062,2093,2184,2060,2086,2092
2055,2056,2061,2080,2098,2038,2085,2098
2053,2054,2054,2042,1911,2006,2045,2097
2052,2052,2049,2028,1872,1978,2026,2095
2050,2044,2043,1995,1751,1929,2022,2075
2041,2033,2031,1981,1830,1943,2012,2072
2036,2015,2023,1997,1925,1976,2027,2080
2036,2020,2030,2030,1996,2025,2042,2089
2047,2043,2054,2057,2032,2045,2031,2083
2056,2053,2056,2061,2084,2078,2037,2085
2056,2049,2055,2056,2119,2113,2036,2075
2052,2053,2059,2058,2116,2152,2036,2068
2056,2062,2062,2056,2101,2160,2045,2069
2053,2063,2060,2049,2077,2146,2056,2073
2056,2058,2060,2055,2083,2127,2077,2069
2059,2059,2061,2052,2073,2114,2061,2067
2062,2058,2060,2049,2131,2107,2059,2061
2066,2063,2054,2051,2141,2071,2066,2048
2063,2057,2056,2044,2090,2007,2047,2035
2058,2052,2049,2041,2074,1967,2060,2028
2054,2045,2034,2036,2032,1985,2036,2016
2050,2035,2032,2034,2007,2040,2018,2009
2040,2037,2024,2014,1962,2102,2040,1986
2030,2019,2010,1985,1871,2109,2032,1976
2021,2013,2005,1951,1669,2098,2015,1989
2036,2027,2023,1969,1679,2057,2001,2000
2036,2032,2036,1995,1666,1938,2020,2020
2044,2046,2054,2060,1810,1872,2030,2059
2056,2063,2066,2102,2005,1939,2068,2047
2050,2049,2052,2081,2137,2022,2093,2043
2049,2046,2045,2070,2245,2097,2085,2041
2050,2047,2053,2066,2200,2061,2081,2050
2062,2058,2060,2070,2144,2008,2079,2067
2068,2062,2064,2079,2131,1982,2057,2069
2062,2064,2065,2090,2140,1951,2066,2066
2052,2056,2060,2079,2128,1954,2064,2068
2044,2045,2043,2061,2079,1953,2045,2073
2041,2044,2038,2049,2056,1971,2034,2082
2030,2040,2032,2047,2039,1988,2028,2081
2026,2029,2024,2037,2060,1991,2038,2088
2027,2016,2020,2066,2140,1989,2026,2090
2028,2023,2025,2050,2096,1962,2031,2082
2027,2027,2016,2039,2177,1989,2029,2078
2033,2041,2025,2083,2364,2034,2057,2089
2045,2046,2030,2116,2414,2074,2070,2093
2053,2047,2026,2109,2303,2088,2087,2075
2040,2045,2022,2090,2224,2116,2086,2064
2045,2044,2025,2086,2211,2121,2070,2049
2050,2041,2021,2074,2145,2100,2063,2045
2046,2045,2020,2032,1904,2052,2059,2031
2035,2035,2021,2033,1861,2043,2060,2017
2033,2035,2039,2056,1923,2044,2078,2020
2037,2039,2045,2069,2002,2039,2070,2024
2038,2036,2035,2068,2092,2060,2023,1992
2016,2018,2024,2048,2068,2050,2020,1988
2021,2021,2026,2022,2034,2036,2035,1998
2036,2023,2033,2027,2071,2007,2020,2016
2058,2039,2048,2036,2126,2021,2038,2017
2065,2062,2073,2062,2155,2048,2037,2013
2075,2078,2082,2059,2112,2056,2043,2019
2072,2075,2085,2056,2101,2044,2037,2011
2061,2058,2076,2053,2064,2041,2031,2006
2053,2064,2079,2065,1981,2033,2014,2022
2045,2075,2084,2062,1888,1990,2013,2015
2041,2070,2081,2067,1948,1980,2012,2032
2040,2068,2075,2070,1999,1997,2045,2041
2043,2057,2068,2082,2073,2014,2073,2048
2045,2055,2062,2081,2103,2033,2066,2058
2042,2054,2061,2078,2090,2047,2060,2063
2035,2051,2057,2053,2036,2056,2066,2078
2041,2049,2049,2029,1982,2090,2075,2077
2044,2049,2050,2030,2012,2126,2079,2078
2036,2044,2049,2036,2031,2162,2062,2066
2026,2037,2042,2031,2018,2089,2052,2064
2028,2047,2054,2039,2025,1950,2032,2066
2035,2057,2055,2055,2034,1886,2023,2062
2045,2050,2060,2052,2017,1985,2027,2066
2053,2056,2061,2052,2040,2076,2045,2060
2052,2058,2061,2055,2057,2102,2020,2052
2050,2053,2056,2052,2064,2094,2041,2046
2046,2058,2056,2056,2086,2069,2048,2035
2043,2056,2055,2057,2079,2054,2033,2023
2039,2054,2054,2053,2059,2046,2034,2021
2043,2058,2054,2060,2057,2009,2060,2017
2043,2052,2057,2059,2038,1994,2060,2018
2039,2057,2057,2068,2050,2017,2044,2014
2038,2056,2059,2058,2048,2027,2032,2013
2045,2056,2060,2060,2055,2032,2036,2009
2041,2050,2051,2057,2047,2023,2050,2007
2034,2040,2038,2048,2061,2036,2048,2002
2034,2036,2038,2049,2092,2052,2045,2009
2042,2050,2053,2067,2109,2058,2052,2018
2050,2054,2057,2069,2106,2052,2055,2022
2053,2054,2053,2064,2080,2055,2057,2020
2055,2048,2049,2066,2022,2048,2059,2018
2045,2037,2050,2057,1978,2045,2061,2016
2048,2046,2055,2060,1996,2048,2066,2024
2044,2050,2051,2053,1985,2042,2064,2028
2049,2051,2050,2028,1896,2012,2053,2036
2042,2051,2051,2018,1864,2016,2071,2051
2046,2054,2058,2034,1938,2028,2080,2055
2047,2052,2048,2037,1974,2041,2071,2074
2037,2037,2041,2035,2010,2055,2073,2069
2039,2039,2044,2028,2031,2036,2043,2073
2041,2039,2041,2025,2058,2033,2045,2080
2038,2032,2042,2031,2042,2039,2038,2083
2043,2037,2044,2049,2053,2063,2064,2087
2045,2053,2053,2066,2128,2107,2087,2086
2044,2044,2056,2071,2137,2112,2078,2079
2042,2041,2054,2060,2095,2081,2076,2076
2038,2043,2047,2042,2024,2078,2066,2065
2037,2040,2044,2060,2082,2122,2081,2064
2035,2042,2052,2076,2183,2163,2065,2052
2045,2043,2050,2091,2254,2168,2065,2038
2038,2044,2055,2096,2243,2076,2040,2027
2035,2045,2055,2077,2121,1978,2018,2027
2037,2041,2055,2071,2068,1983,2036,2025
2046,2053,2062,2062,2011,2012,2041,2021
2045,2048,2060,2056,1967,2043,2050,2016
2035,2042,2055,2059,1985,2095,2056,2005
2033,2044,2056,2055,1932,2109,2027,1995
2037,2049,2061,2071,1995,2024,2011,2002
2036,2042,2051,2081,2067,1933,2036,2004
2044,2046,2049,2093,2103,1996,2049,2016
2055,2063,2066,2102,2095,2057,2053,2020
2051,2059,2058,2090,2103,2061,2051,2012
2041,2052,2056,2088,2141,2049,2046,2016
2041,2050,2046,2054,2125,2015,2036,2015
2039,2035,2033,2023,2080,1985,2044,2017
2040,2034,2022,2018,1982,1988,2047,2028
2038,2035,2036,2031,2048,2002,2057,2031
2035,2032,2036,2038,2152,2020,2052,2028
2034,2028,2047,2045,2119,2028,2041,2037
2027,2027,2045,2025,1969,2035,2039,2038
2025,2031,2049,2040,2012,2072,2045,2052
2030,2030,2052,2050,2075,2088,2050,2065
2041,2039,2045,2057,2092,2099,2066,2077
2042,2038,2037,2056,2096,2096,2060,2076
2035,2026,2029,2047,2101,2089,2067,2066
2024,2014,2022,2043,2085,2064,2054,2066
2030,2018,2031,2039,2052,2022,2033,2063
2033,2023,2029,2044,2054,2012,2048,2068
2032,2029,2026,2052,2057,2027,2060,2052
2034,2026,2032,2047,2063,2046,2068,2045
2030,2022,2032,2051,2063,2041,2044,2046
2039,2028,2031,2058,2062,2008,2040,2036
2042,2035,2036,2064,2062,2019,2044,2034
2041,2034,2036,2062,2060,2030,2043,2036
2033,2024,2028,2054,2061,2027,2028,2029
2035,2026,2030,2051,2054,2043,2014,2016
2031,2036,2028,2041,2036,2063,2020,1999
2025,2030,2026,2032,2004,2063,2033,1989
2025,2038,2029,2032,2002,2089,2037,1992
2030,2047,2023,2038,1998,2112,2047,1994
2033,2043,2015,2050,2026,2091,2048,2004
2035,2032,2014,2083,2078,2025,2062,2012
2037,2032,2018,2102,2113,1977,2058,2006
2047,2041,2022,2102,2097,1965,2043,1994
2041,2038,2016,2095,2095,1992,2059,2005
2034,2037,2002,2077,2052,2027,2068,2006
2037,2034,2005,2070,2031,2052,2072,2015
2038,2029,2006,2070,2032,2045,2060,2018
2039,2027,1996,2058,2034,2053,2058,2019
2030,2033,2014,2063,2060,2079,2063,2037
2053,2047,2030,2082,2093,2091,2067,2051
2052,2055,2038,2087,2122,2094,2079,2062
2048,2060,2033,2086,2126,2097,2080,2067
2044,2047,2028,2081,2131,2100,2096,2074
2044,2041,2023,2072,2102,2084,2088,2069
2036,2032,2011,2055,2084,2067,2074,2067
2033,2023,2008,2040,2071,2051,2061,2074
2028,2016,1999,2018,2052,2038,2036,2064
2023,2010,2005,1998,2040,2046,2044,2064
2021,2023,2036,1998,2032,2049,2060,2067
2030,2039,2048,2002,2003,2056,2035,2072
2035,2052,2059,1995,1966,2033,2014,2050
2031,2056,2061,1995,1962,1982,2004,2044
2034,2062,2065,2011,1978,1978,1979,2043
2042,2068,2086,2035,2007,1977,2028,2048
2054,2083,2098,2068,2058,1986,2028,2049
2058,2083,2098,2084,2098,2028,2051,2045
2052,2076,2092,2089,2105,2059,2054,2036
2048,2068,2092,2089,2106,2081,2061,2023
2047,2068,2096,2081,2087,2086,2040,2017
2042,2061,2089,2068,2059,2066,2031,2010
2028,2052,2082,2054,2052,2066,2036,2001
2024,2050,2092,2053,2036,2081,2050,1998
2036,2056,2097,2058,2020,2090,2042,2003
2035,2048,2088,2052,2016,2098,2050,2001
2031,2051,2092,2065,2042,2127,2053,2003
2038,2061,2098,2071,2038,2141,2055,2001
2033,2054,2098,2070,2040,2102,2049,2007
2041,2065,2107,2076,2034,1984,2032,2014
2044,2067,2114,2072,2029,1914,2037,2020
2042,2063,2110,2076,2040,1977,2046,2017
2040,2064,2096,2066,2049,2013,2045,2020
2039,2056,2090,2060,2042,2010,2030,2021
2044,2064,2101,2081,2068,1977,2025,2046
2057,2081,2109,2087,2071,1993,2053,2061
2058,2078,2102,2083,2068,2041,2064,2072
2057,2076,2093,2070,2082,2078,2055,2069
2049,2064,2074,2060,2102,2094,2072,2076
2044,2056,2065,2045,2113,2097,2085,2092
2046,2050,2061,2041,2104,2079,2068,2090
2047,2046,2057,2037,2098,2051,2058,2093
2039,2044,2060,2048,2090,2037,2062,2092
2043,2056,2063,2046,2076,2008,2056,2086
2045,2047,2063,2050,2061,2024,2061,2078
2034,2050,2065,2054,2072,2035,2073,2078
2039,2046,2064,2052,2057,2043,2065,2066
2044,2050,2060,2051,2063,2052,2057,2045
2044,2039,2060,2057,2066,2047,2050,2034
2034,2042,2054,2049,2045,2036,2044,2026
2034,2038,2050,2050,2027,2021,2042,2023
2030,2036,2047,2042,2022,2009,2034,2016
2027,2031,2042,2046,2078,2012,2021,2003
2022,2023,2039,2039,2116,2031,2028,2004
2038,2039,2046,2066,2166,2063,2037,2017
2053,2049,2058,2081,2184,2074,2059,2009
2056,2050,2059,2077,2158,2065,2049,2006
2041,2040,2049,2064,2111,2052,2035,2002
2043,2038,2050,2062,2082,2059,2050,2015
2052,2062,2058,2059,1965,2033,2054,2013
2057,2060,2061,2036,1896,2024,2057,2012
2054,2057,2057,2037,1913,2006,2046,2016
2060,2054,2059,2050,1983,1995,2050,2022
2062,2052,2066,2057,2033,1987,2056,2035
2064,2049,2064,2063,2038,2005,2055,2045
2064,2059,2067,2061,1996,2005,2055,2042
2061,2058,2067,2056,1999,2044,2064,2048
2053,2060,2062,2060,2024,2074,2058,2061
2053,2064,2069,2061,2012,2071,2055,2064
2052,2064,2075,2070,2003,2052,2054,2083
2054,2065,2072,2068,2055,2030,2060,2089
2050,2064,2064,2059,2097,2019,2055,2088
2053,2065,2064,2063,2138,2021,2040,2083
2048,2051,2053,2063,2165,2017,2027,2080
2046,2048,2050,2071,2156,2066,2038,2086
2054,2054,2054,2074,2158,2089,2031,2085
2059,2056,2054,2067,2146,2094,2025,2071
2043,2047,2045,2039,2096,2091,2001,2051
2040,2044,2034,2011,1942,2072,1992,2036
2034,2043,2036,1998,1808,2013,2000,2034
2037,2052,2048,2025,1892,1997,2022,2047
2051,2059,2055,2071,2043,2020,2045,2052
2053,2059,2061,2089,2110,2068,2059,2042
2049,2064,2055,2086,2094,2105,2031,2035
2054,2064,2056,2078,2148,2125,2049,2022
2043,2062,2049,2070,2134,2106,2042,2017
2046,2058,2049,2065,2080,2081,2026,2015
2048,2050,2042,2046,2017,2024,2036,2009
2043,2042,2031,2034,1999,2013,2037,2003
2041,2034,2029,2026,1994,2025,2012,1994
2040,2029,2021,2019,1988,2006,2000,1991
2037,2044,2033,2017,1943,1972,2005,1997
2037,2044,2027,2009,1923,1986,2027,1988
2033,2034,2020,2010,1950,1991,2027,1997
2036,2036,2033,2038,2025,1989,2044,2017
2048,2044,2050,2076,2084,2019,2051,2029
2048,2052,2054,2080,2098,2035,2044,2032
2053,2060,2050,2082,2117,2072,2061,2040
2049,2062,2049,2076,2137,2101,2055,2042
2049,2055,2041,2076,2132,2135,2074,2053
2043,2043,2035,2067,2111,2150,2072,2057
2046,2038,2034,2057,2080,2118,2067,2062
2043,2043,2041,2054,2056,1987,2055,2075
2046,2045,2032,2050,2054,1898,2040,2078
2045,2042,2036,2049,2057,1938,2048,2076
2039,2035,2029,2041,2036,1960,2008,2070
2033,2030,2032,2038,2039,1969,2009,2076
2039,2044,2044,2047,2060,1972,2022,2073
2043,2052,2048,2048,2051,1975,2041,2073
2042,2047,2050,2056,2056,1984,2055,2085
2048,2059,2049,2061,2073,1991,2072,2080
2048,2054,2058,2065,2072,1990,2073,2064
2053,2058,2065,2065,2065,1958,2064,2056
2051,2058,2065,2066,2060,1978,2056,2041
2048,2060,2061,2057,2057,2026,2048,2032
2049,2057,2055,2050,2055,2085,2067,2019
2042,2052,2052,2047,2058,2130,2069,2015
2042,2052,2044,2027,1982,2134,2050,2009
2040,2051,2044,2029,1992,2174,2064,2007
2046,2057,2052,2045,2014,2170,2058,2005
2042,2050,2042,2035,1998,2108,2020,1994
2036,2041,2035,2018,1958,2090,2021,1979
2023,2044,2034,2010,1940,2095,2012,1980
2029,2049,2036,2024,1970,2005,2016,1986
2033,2046,2034,2027,2030,1929,2023,1991
2033,2047,2038,2059,2070,1968,2016,2007
2053,2062,2062,2084,2053,2032,2053,2023
2058,2064,2054,2080,2080,2052,2060,2026
2058,2059,2046,2066,2149,2078,2064,2025
2056,2066,2056,2081,2163,2093,2045,2030
2047,2057,2049,2081,2131,2096,2050,2032
2042,2053,2046,2070,2109,2080,2048,2035
2046,2052,2049,2058,2090,2088,2036,2044
2037,2044,2046,2056,2089,2087,2045,2051
2035,2046,2039,2054,2095,2080,2042,2061
2037,2053,2048,2055,2090,2070,2040,2077
2043,2061,2050,2061,2091,2073,2054,2088
2051,2066,2059,2069,2079,2029,2036,2087
2046,2057,2048,2061,2056,1966,2030,2085
2044,2056,2048,2071,2055,1962,2031,2082
2049,2065,2050,2052,2038,1980,2026,2081
2051,2059,2043,2033,2013,2006,2027,2066
2040,2053,2036,2036,2029,2057,2043,2053
2041,2045,2037,2046,2039,2078,2036,2051
2040,2045,2034,2044,2041,2066,2026,2039
2041,2048,2034,2046,2043,2058,2012,2030
2043,2051,2030,2056,2098,2056,2025,2029
2044,2048,2034,2056,2126,2060,2055,2025
2047,2049,2035,2061,2123,2042,2059,2022
2048,2049,2038,2057,2114,2030,2054,2019
2049,2053,2035,2055,2085,2031,2041,2003
2047,2049,2030,2046,2042,2031,2038,2002
2043,2050,2030,2046,2016,2036,2047,2001
2042,2044,2027,2039,1954,2046,2040,1996
2040,2029,2016,2018,1819,2022,2028,2007
2047,2036,2024,2042,1901,2039,2056,2014
2049,2045,2030,2061,1991,2060,2063,2023
2047,2045,2033,2067,2032,2076,2062,2018
2042,2046,2029,2066,2055,2070,2036,2027
2038,2048,2029,2059,2036,2061,2054,2030
2051,2058,2040,2064,2051,2087,2064,2037
2054,2061,2041,2060,2062,2098,2065,2043
2049,2057,2040,2052,2088,2106,2080,2052
2044,2049,2037,2052,2114,2111,2071,2049
2045,2053,2038,2054,2108,2067,2049,2053
2045,2049,2025,2052,2078,2036,2037,2052
2030,2040,2027,2037,2006,2035,2021,2063
2025,2033,2018,2010,1935,2026,2019,2057
2030,2030,2013,1994,1908,2011,2002,2064
2034,2032,2024,1988,1893,2009,2011,2059
2024,2031,2032,1999,1911,1978,1998,2075
2032,2035,2055,2012,1973,1982,2005,2083
2038,2060,2084,2039,2070,2024,2030,2096
2058,2077,2111,2075,2117,2051,2052,2104
2064,2088,2106,2067,2154,2059,2051,2088
2064,2076,2083,2076,2227,2110,2050,2072
2053,2061,2074,2074,2183,2115,2048,2051
2039,2053,2050,2041,2089,2082,2019,2038
2037,2044,2049,2027,2066,2080,2002,2031
2038,2049,2052,2025,2055,2086,2033,2021
2045,2046,2050,2024,2039,2097,2042,2019
2041,2045,2051,2036,2067,2124,2037,2017
2040,2044,2043,2048,2100,2128,2026,2012
2048,2041,2051,2061,2091,2037,2033,2007
2052,2043,2053,2055,2063,1921,2032,2011
2051,2040,2042,2037,1974,1950,2043,2008
2047,2037,2030,2020,1967,1993,2034,2001
2040,2031,2033,2021,2032,2022,2024,2008
2039,2044,2045,2040,2115,2035,2040,2009
2036,2038,2054,2028,2017,2023,2017,2010
2031,2042,2056,2021,1920,2040,2038,2016
2038,2050,2051,2026,1938,2045,2043,2022
2038,2044,2042,2039,1982,2045,2051,2039
2035,2044,2046,2045,2018,2054,2056,2052
2051,2054,2049,2046,2033,2044,2064,2062
2057,2066,2058,2048,2047,2040,2071,2067
2061,2061,2060,2056,2064,2040,2064,2078
2059,2056,2061,2058,2083,2031,2053,2087
2047,2049,2062,2056,2059,2022,2039,2086
2044,2036,2067,2062,2055,2035,2042,2082
2038,2035,2079,2087,2092,2075,2051,2082
2034,2032,2096,2110,2122,2084,2057,2074
2027,2021,2092,2111,2102,2065,2038,2080
2030,2026,2093,2108,2060,2040,2062,2083
2041,2044,2089,2101,2045,2040,2066,2083
2047,2042,2073,2093,2044,2044,2061,2078
2048,2038,2060,2092,2028,2057,2059,2080
2044,2040,2061,2096,2020,2070,2063,2078
2048,2044,2067,2105,2039,2081,2068,2069
2045,2041,2067,2108,2033,2084,2064,2062
2047,2044,2063,2098,2011,2085,2072,2055
2045,2038,2059,2082,2011,2087,2054,2043
2048,2042,2051,2075,2015,2098,2075,2044
2053,2045,2042,2058,2018,2090,2049,2033
2045,2045,2031,2035,2034,2053,2035,2027
2041,2032,2027,2021,2025,2046,2061,2018
2044,2038,2021,2009,2008,2050,2053,2015
2048,2035,2023,2016,2046,2024,2028,2013
2042,2041,2035,2022,2077,2003,2006,2001
2043,2045,2044,2023,2088,1997,2003,2008
2046,2061,2044,2017,2091,2056,2031,2015
2048,2064,2041,2025,2109,2107,2053,2023
2052,2059,2042,2021,2106,2103,2048,2024
2046,2048,2030,2001,2084,2061,2027,2023
2039,2041,2019,1990,2045,2017,2021,2043
2046,2039,2020,1980,1965,1996,2032,2049
2051,2054,2037,1992,1970,2016,2019,2061
2058,2068,2056,2014,2025,2033,2047,2069
2068,2068,2052,2012,2038,2043,2046,2077
2064,2065,2061,2018,2042,2045,2037,2089
2062,2061,2054,2024,2054,2053,2059,2098
2062,2064,2050,2026,2073,2054,2064,2096
2062,2059,2041,2032,2078,2057,2056,2106
2058,2055,2040,2028,2064,2045,2051,2100
2052,2038,2032,2024,2059,2048,2051,2099
2053,2045,2031,2027,2055,2059,2057,2096
2056,2054,2038,2023,2033,2080,2032,2096
2052,2055,2037,2018,2008,2080,2057,2082
2048,2054,2039,2006,1998,2077,2044,2075
2055,2052,2036,2003,1978,2034,2038,2069
2052,2049,2037,2021,1998,1973,2030,2065
2052,2051,2041,2032,2010,1992,2041,2053
2052,2049,2036,2034,2014,2023,2050,2043
2053,2047,2045,2043,2035,2032,2048,2044
2059,2054,2058,2058,2061,2046,2054,2041
2065,2074,2080,2091,2126,2088,2040,2043
2061,2072,2076,2089,2113,2091,2057,2031
2052,2066,2077,2065,2004,2071,2041,2027
2059,2072,2067,2043,1961,2047,2040,2028
2051,2056,2054,2031,2050,2024,2017,2024
2042,2044,2042,2021,2091,2025,2024,2017
2048,2054,2045,2037,2082,2020,2022,2032
2057,2063,2060,2060,2050,2012,2029,2025
2057,2066,2058,2058,2036,2019,2012,2030
2060,2062,2058,2052,2045,2041,2041,2036
2064,2064,2058,2069,2052,2081,2032,2051
2067,2065,2051,2068,2057,2116,2059,2053
2064,2061,2050,2062,2024,2137,2064,2054
2054,2056,2046,2053,2003,2119,2041,2051
2056,2058,2046,2046,1988,2049,2044,2068
2066,2062,2034,2048,2002,1922,2037,2079
2063,2053,2033,2048,2028,1927,2051,2087
2063,2047,2025,2037,2071,2020,2061,2088
2063,2048,2027,2048,2094,2082,2077,2084
2057,2038,2018,2039,2091,2108,2076,2080
2051,2027,2010,2032,2061,2106,2033,2079
2041,2026,2002,2028,2015,2077,2040,2078
2048,2032,2018,2035,1992,2060,2040,2079
2045,2037,2024,2041,2005,2045,2032,2078
2047,2043,2037,2037,1997,2033,2044,2080
2051,2053,2041,2032,1976,2018,2033,2075
2043,2056,2044,2029,1968,2014,2035,2068
2045,2059,2051,2035,1991,2050,2056,2068
2062,2066,2062,2068,2063,2083,2046,2062
2059,2070,2073,2080,2112,2121,2057,2060
2065,2065,2066,2062,2084,2149,2060,2041
2053,2046,2046,2039,2085,2149,2052,2033
2045,2046,2053,2037,2110,2073,2060,2021
2046,2042,2060,2036,2103,2037,2036,2021
2051,2047,2068,2041,2090,2027,2050,2028
2057,2053,2072,2046,2086,2013,2035,2030
2057,2045,2065,2048,2081,2025,2028,2016
2044,2045,2055,2063,2094,2045,2022,2021
2052,2057,2060,2075,2128,2067,2035,2027
2063,2059,2055,2072,2104,2063,2047,2027
2064,2055,2059,2054,2017,2050,2052,2038
2063,2058,2057,2047,1992,2037,2059,2043
2063,2059,2060,2050,2033,2049,2045,2043
2067,2060,2058,2056,2046,2050,2028,2054
2061,2061,2061,2056,2044,2053,2033,2062
2068,2059,2063,2054,2058,2065,2040,2069
2066,2063,2058,2058,2072,2070,2048,2084
2064,2061,2053,2055,2090,2088,2048,2082
2061,2052,2054,2060,2131,2109,2079,2099
2066,2054,2062,2064,2149,2111,2071,2104
2060,2052,2063,2061,2146,2121,2061,2104
2058,2048,2056,2065,2134,2126,2026,2099
2052,2040,2043,2054,2088,2104,2009,2093
2043,2031,2041,2041,2026,2055,2002,2094
2040,2036,2043,2042,1980,1990,2000,2100
2050,2042,2052,2063,1993,1961,2021,2096
2054,2053,2053,2072,2026,2001,2045,2093
2060,2052,2052,2072,2074,2047,2045,2090
2061,2048,2052,2058,2015,2045,2041,2078
2055,2042,2042,2047,1967,2043,2044,2070
2061,2053,2046,2051,1968,2032,2026,2069
2069,2061,2050,2053,1991,2019,2033,2062
2061,2057,2050,2050,2004,2016,2032,2047
2059,2054,2041,2044,2012,1999,2026,2039
2057,2047,2039,2035,2025,1996,2029,2033
2055,2041,2035,2037,2061,2004,2023,2033
2062,2041,2028,2037,2077,2018,2026,2034
2063,2041,2028,2039,2078,2038,2037,2029
2049,2028,2013,2035,2064,2053,2023,2014
2047,2025,2007,2030,2046,2067,2029,2027
2059,2045,2026,2046,2052,2114,2075,2034
2067,2057,2031,2048,2060,2122,2081,2037
2067,2055,2035,2050,2059,2127,2081,2034
2059,2050,2037,2048,2076,2128,2098,2041
2061,2048,2037,2045,2077,2105,2089,2042
2057,2052,2038,2044,2052,2083,2065,2048
2064,2066,2048,2050,2042,2080,2070,2056
2062,2065,2059,2053,2068,2084,2057,2069
2065,2062,2054,2050,2088,2080,2072,2072
2053,2064,2054,2057,2094,2081,2071,2081
2054,2059,2047,2052,2084,2053,2040,2093
2052,2056,2049,2047,2063,2008,2037,2094
2050,2047,2049,2040,2038,2002,2026,2097
2049,2041,2048,2050,2040,2025,2015,2092
2037,2029,2042,2043,2038,2027,2020,2092
2034,2023,2037,2046,2025,2020,2016,2098
2040,2035,2044,2046,2026,2017,2033,2089
2042,2039,2043,2051,2030,2019,2036,2089
2052,2039,2046,2053,2034,2026,2018,2080
2047,2036,2044,2051,2037,2028,2016,2072
2049,2033,2039,2049,2029,2033,2022,2073
2050,2041,2043,2045,2023,2042,2038,2067
2055,2039,2041,2050,2027,2046,2060,2056
2056,2042,2044,2049,2025,2065,2061,2058
2060,2043,2032,2053,2038,2081,2071,2057
2062,2034,2022,2050,2047,2096,2066,2046
2056,2031,2010,2034,2029,2100,2057,2041
2051,2031,2001,2026,1984,2099,2050,2031
2053,2029,1996,2024,1973,2100,2034,2020
2051,2026,1986,2016,1969,2075,2026,2014
2045,2013,1979,2009,1958,2015,2038,2029
2053,2021,1994,2024,2004,1997,2040,2046
2069,2041,2012,2047,2039,2010,2041,2050
2075,2046,2014,2044,2048,2034,2051,2044
2079,2040,2010,2041,2059,2054,2034,2045
2068,2047,2004,2039,2063,2058,2029,2041
2061,2053,2015,2036,2064,2035,2008,2040
2064,2052,2026,2040,2100,2050,2030,2058
2063,2052,2031,2053,2101,2060,2062,2072
2066,2050,2040,2057,2097,2082,2069,2080
2062,2058,2061,2064,2085,2097,2061,2082
2066,2065,2096,2074,2085,2112,2051,2085
2066,2075,2129,2080,2087,2124,2081,2092
2064,2074,2137,2081,2076,2118,2076,2101
2073,2073,2143,2074,2063,2085,2061,2108
2064,2076,2124,2070,2049,2073,2060,2104
2065,2061,2110,2054,2043,2086,2058,2108
2059,2049,2090,2053,2043,2112,2064,2112
2057,2051,2080,2054,2031,2074,2062,2112
2064,2051,2067,2051,2028,1929,2030,2102
2057,2047,2049,2046,2027,1888,2026,2089
2052,2039,2050,2045,2031,1960,2043,2084
2054,2048,2045,2042,2035,2000,2044,2082
2054,2043,2049,2048,2040,2027,2053,2070
2056,2047,2052,2049,2044,2043,2038,2066
2061,2052,2049,2035,2037,2050,2057,2059
2063,2046,2046,2025,2024,2041,2052,2056
2059,2045,2043,2015,2013,2021,2036,2048
2059,2048,2041,2016,2024,2036,2057,2044
2066,2046,2040,2022,2039,2052,2048,2042
2064,2048,2036,2028,2040,2058,2047,2029
2066,2048,2033,2021,2016,2037,2039,2015
2060,2036,2023,2016,2004,2025,2030,2021
2053,2033,2024,2022,2011,2021,2025,2028
2064,2050,2032,2026,2005,2014,2025,2037
2065,2059,2041,2038,2015,2024,2038,2039
2080,2058,2051,2047,1966,2023,2042,2046
2072,2058,2053,2034,1961,2013,2045,2049
2073,2058,2054,2033,1956,2004,2052,2065
2074,2065,2064,2046,1984,2019,2050,2067
2069,2056,2049,2036,2012,2028,2045,2067
2067,2056,2053,2052,2088,2046,2071,2082
2076,2063,2070,2084,2151,2052,2059,2087
2067,2062,2058,2054,2128,2048,2051,2085
2064,2062,2057,2055,2158,2078,2039,2091
2066,2054,2055,2060,2144,2106,2043,2093
2057,2054,2053,2056,2124,2110,2047,2100
2062,2054,2058,2060,2111,2099,2064,2103
2059,2045,2045,2045,2101,2087,2025,2107
2062,2044,2049,2042,2084,2086,2044,2109
2063,2053,2049,2045,2082,2052,2031,2092
2065,2046,2039,2043,2081,2031,2026,2085
2057,2042,2043,2040,2060,2050,2034,2082
2056,2041,2042,2037,2032,2050,2058,2075
2058,2050,2040,2044,2040,2065,2038,2069
2066,2044,2048,2047,2058,2059,2050,2055
2062,2043,2036,2046,2063,2043,2056,2047
2064,2045,2039,2043,2087,2045,2064,2047
2070,2040,2033,2045,2059,2036,2041,2038
2065,2041,2031,2050,2038,2036,2052,2038
2053,2032,2024,2053,2052,2038,2057,2037
2057,2028,2026,2063,2055,2042,2065,2032
2067,2038,2023,2088,2062,2052,2048,2036
2073,2040,2027,2079,2000,2012,2043,2030
2070,2024,2027,2055,1924,2005,2032,2022
2062,2026,2037,2080,2027,2046,2039,2036
2076,2039,2046,2096,2102,2060,2047,2031
2066,2035,2039,2096,2102,2072,2034,2024
2063,2026,2034,2078,1994,2058,2035,2029
2060,2032,2031,2079,1973,2020,2070,2047
2054,2035,2046,2091,1983,2036,2070,2047
2054,2038,2046,2092,2081,2080,2069,2056
2056,2049,2052,2091,2155,2109,2080,2064
2063,2052,2049,2087,2150,2112,2062,2081
2070,2055,2050,2086,2126,2121,2078,2085
2066,2053,2047,2057,2096,2144,2070,2086
2062,2042,2030,2020,2087,2098,2066,2085
2056,2048,2044,2021,2126,1989,2061,2093
2065,2057,2063,2022,2120,2031,2076,2102
2071,2064,2074,2005,2083,2126,2068,2104
2061,2059,2069,1980,1973,2144,2057,2105
2060,2057,2065,1962,1893,2034,2053,2100
2064,2065,2063,1966,1927,1983,2031,2096
2063,2067,2044,1973,1956,1996,2043,2098
2069,2063,2041,1987,1988,2028,2068,2096
2074,2061,2043,2003,2026,2035,2071,2105
2080,2066,2044,2018,2035,2033,2056,2088
2072,2062,2056,2030,2037,2052,2030,2074
2069,2055,2047,2033,2066,2071,2055,2062
2066,2043,2039,2028,2058,2065,2040,2052
2061,2038,2045,2029,2018,2036,2023,2044
2054,2046,2055,2033,2038,2050,2042,2045
2062,2058,2063,2041,2040,2069,2041,2055
2073,2062,2075,2050,2018,2075,2068,2056
2074,2063,2067,2039,1964,2066,2051,2049
2066,2057,2056,2017,1917,2033,2034,2028
2056,2032,2039,2000,1908,2010,2001,2021
2048,2026,2036,2007,1944,2021,2027,2028
2062,2042,2038,2010,1984,2034,2053,2032
2057,2043,2039,2018,2042,2032,2059,2028
2054,2042,2039,2020,2032,2019,2046,2031
2052,2044,2037,2030,2068,2026,2053,2036
2054,2041,2042,2053,2133,2053,2065,2047
2059,2046,2049,2062,2146,2077,2076,2055
2059,2052,2046,2057,2116,2091,2077,2063
2058,2052,2042,2042,2094,2077,2068,2073
2062,2062,2043,2040,2061,2071,2070,2080
2068,2059,2042,2039,2041,2058,2056,2084
2070,2055,2045,2034,2032,2073,2069,2088
2066,2052,2041,2030,2026,2077,2065,2100
2066,2053,2043,2034,2024,2073,2054,2101
2063,2056,2046,2033,2015,2051,2027,2093
2057,2044,2043,2024,2018,2010,2036,2097
2055,2050,2048,2038,2054,2013,2048,2099
2073,2056,2052,2046,2064,2033,2055,2100
2059,2045,2042,2046,2060,2047,2053,2093
2056,2044,2041,2038,2067,2076,2075,2085
2055,2045,2044,2038,2044,2084,2076,2080
2054,2049,2045,2039,2028,2073,2075,2074
2062,2054,2044,2040,2025,2057,2059,2076
2066,2065,2049,2047,2030,2019,2058,2062
2072,2069,2045,2051,2045,2007,2055,2063
2069,2067,2046,2051,2040,2027,2061,2057
2066,2063,2051,2052,2049,2039,2071,2057
2066,2046,2045,2043,2045,2036,2050,2045
2056,2048,2041,2045,2068,2041,2050,2036
2061,2050,2049,2050,2078,2044,2070,2034
2068,2057,2045,2054,2067,2037,2054,2026
2061,2047,2041,2047,2055,2041,2035,2021
2057,2046,2047,2051,2057,2048,2040,2032
2072,2060,2066,2058,2058,2051,2058,2038
2072,2065,2063,2058,2058,2056,2049,2036
2065,2058,2057,2063,2061,2072,2057,2041
2067,2055,2061,2061,2061,2075,2060,2043
2066,2053,2059,2053,2056,2062,2049,2046
2061,2049,2056,2052,2038,2056,2051,2050
2059,2054,2060,2048,2021,2050,2031,2060
2060,2059,2061,2042,2007,2041,2049,2072
2063,2062,2054,2036,1984,2042,2047,2078
2069,2058,2058,2044,1974,2046,2059,2088
2064,2057,2063,2049,1995,2052,2064,2095
2066,2060,2062,2056,2003,2054,2056,2099
2065,2053,2059,2065,2022,2060,2071,2104
2056,2045,2052,2050,2020,2056,2051,2104
2056,2033,2040,2047,2060,2067,2063,2099
2051,2042,2044,2052,2111,2083,2068,2102
2056,2043,2034,2042,2096,2073,2062,2091
2056,2041,2022,2042,2108,2069,2061,2086
2051,2036,2008,2040,2073,2073,2047,2082
2057,2038,2007,2022,1996,2039,2050,2074
2061,2041,2010,2026,2022,1997,2030,2076
2062,2043,2020,2046,2090,1995,2045,2068
2065,2045,2029,2053,2115,2037,2050,2058
2067,2038,2026,2055,2114,2061,2060,2040
2061,2033,2018,2051,2098,2056,2055,2031
2048,2034,2027,2043,2062,2053,2052,2026
2050,2036,2032,2035,2043,2043,2044,2030
2054,2042,2036,2026,2040,2024,2024,2017
2050,2036,2038,2019,2032,2021,2038,2017
2052,2037,2042,2018,2038,2024,2035,2009
2049,2028,2042,2022,2038,2036,2044,2014
2046,2034,2057,2028,2043,2056,2073,2021
2056,2050,2062,2038,2049,2061,2058,2030
2059,2053,2075,2042,2051,2058,2059,2030
2060,2058,2078,2049,2056,2050,2045,2039
2068,2055,2080,2052,2068,2065,2062,2050
2061,2054,2076,2066,2089,2083,2073,2056
2067,2054,2068,2062,2095,2097,2060,2059
2060,2051,2057,2054,2085,2082,2049,2065
2058,2039,2049,2054,2081,2072,2044,2068
2060,2044,2038,2043,2077,2065,2065,2076
2059,2039,2030,2044,2074,2058,2048,2086
2061,2040,2032,2037,2062,2049,2049,2100
2064,2042,2027,2034,2042,2050,2043,2092
2059,2045,2026,2036,2050,2037,2037,2091
2062,2041,2025,2036,2044,2025,2031,2087
2046,2030,2025,2034,2031,2020,2024,2085
2041,2028,2034,2037,2032,2025,2043,2089
2056,2040,2042,2041,2025,2043,2056,2085
2060,2045,2053,2050,2031,2054,2063,2088
2060,2047,2059,2049,2025,2057,2064,2083
2064,2056,2060,2040,2024,2054,2052,2076
2061,2050,2050,2041,2027,2046,2056,2065
2059,2041,2044,2040,2056,2050,2055,2064
2062,2041,2037,2045,2069,2044,2056,2049
2062,2036,2045,2047,2069,2041,2058,2044
2060,2040,2046,2038,2053,2050,2050,2044
2053,2036,2052,2042,2054,2060,2056,2029
2056,2040,2062,2053,2050,2063,2061,2028
2055,2052,2080,2058,2061,2076,2064,2031
2059,2064,2097,2060,2053,2064,2058,2030
2064,2064,2097,2050,2047,2042,2045,2020
2055,2050,2077,2042,2041,2043,2043,2017
2052,2045,2070,2041,2043,2057,2048,2024
2055,2052,2066,2037,2040,2041,2068,2032
2056,2054,2061,2040,2042,2030,2062,2028
2061,2050,2056,2042,2038,2030,2048,2036
2058,2050,2056,2044,2038,2033,2051,2040
2062,2059,2063,2044,2046,2031,2034,2049
2064,2058,2060,2055,2060,2045,2057,2056
2060,2048,2055,2052,2054,2038,2065,2060
2056,2046,2055,2050,2057,2040,2058,2069
2050,2040,2048,2049,2057,2043,2048,2070
2060,2038,2046,2045,2058,2045,2060,2083
2059,2038,2046,2051,2059,2059,2057,2090
2056,2044,2051,2040,2041,2048,2050,2096
2053,2040,2049,2033,2014,2038,2058,2095
